641.39 283.071 2
673.638 394.15 2
598.391 197.075 2
408.483 232.907 2
293.821 365.485 2
304.57 372.651 2
225.74 114.662 2
315.32 214.991 2
107.495 236.49 2
161.243 82.4132 3
150.494 121.828 3
186.325 118.245 3
89.5795 89.5795 3
111.079 85.9964 3
222.157 197.075 3
293.821 211.408 3
157.66 300.987 3
329.653 304.57 3
343.985 293.821 3
515.978 186.325 3
397.733 93.1627 3
426.399 111.079 3
605.558 118.245 4
680.805 143.327 4
555.393 139.744 4
512.395 103.912 4
533.894 111.079 4
530.311 136.161 4
429.982 68.0805 4
433.565 100.329 4
444.315 100.329 4
96.7459 121.828 4
182.742 261.572 4
204.241 268.739 4
107.495 118.245 4
107.495 128.995 4
594.808 136.161 5
659.305 128.995 5
666.472 128.995 5
641.39 132.578 5
652.139 139.744 5
558.976 111.079 5
573.309 121.828 5
483.73 197.075 5
480.146 211.408 5
82.4132 143.327 5
93.1627 139.744 5
580.475 111.079 6
584.059 111.079 6
580.475 128.995 6
584.059 128.995 6
471.786 421.024 1
639.001 283.669 2
671.846 394.15 2
412.066 235.893 2
337.416 304.57 2
307.556 373.248 2
107.495 328.458 2
220.963 197.075 2
158.257 149.299 2
83.6076 146.313 3
101.523 229.921 3
149.299 122.425 3
185.131 119.439 3
83.6076 134.369 3
322.486 170.201 3
340.402 173.187 3
292.626 367.276 3
247.837 418.038 3
262.767 406.094 3
516.575 188.117 3
525.533 194.089 3
400.122 92.5655 3
576.295 149.299 3
597.197 197.075 3
585.253 110.481 4
615.113 131.383 4
558.379 110.481 4
573.309 122.425 4
513.589 104.509 4
534.491 113.467 4
149.299 86.5936 4
641.987 134.369 4
185.131 262.767 4
110.481 119.439 4
95.5515 122.425 4
110.481 128.397 4
435.954 56.7337 4
438.94 71.6636 4
223.949 113.467 4
235.893 113.467 4
158.257 301.584 4
134.369 313.528 4
89.5795 89.5795 4
113.467 89.5795 4
495.673 101.523 5
152.285 77.6356 5
164.229 83.6076 5
668.861 128.397 5
680.805 143.327 5
647.959 125.411 5
653.931 140.341 5
582.267 128.397 5
594.211 134.369 5
486.715 197.075 5
480.743 212.005 5
465.814 59.7197 5
477.758 62.7057 5
444.912 101.523 5
441.926 110.481 5
429.982 98.5375 5
426.996 110.481 5
295.612 212.005 5
313.528 214.991 5
206.033 268.739 5
203.047 277.697 5
606.155 119.439 6
609.141 119.439 6
558.379 134.369 6
555.393 140.341 6
531.505 137.355 6
537.477 137.355 6
495.673 116.453 6
498.659 116.453 6
472.781 423.014 1
639.498 283.669 2
671.846 393.155 2
413.061 233.902 2
159.253 149.299 2
106.998 236.39 3
146.811 124.416 3
325.97 171.694 3
340.9 171.694 3
221.461 156.764 3
218.972 196.577 3
129.393 273.715 3
77.1379 308.552 3
512.594 186.624 3
480.246 211.507 3
525.036 194.089 3
477.758 62.208 3
398.131 47.2781 3
577.29 149.299 3
597.197 196.577 3
562.36 365.783 3
607.15 420.526 3
584.755 109.486 4
614.615 129.393 4
89.5795 92.0679 4
111.974 129.393 4
440.433 57.2314 4
427.991 69.673 4
440.433 69.673 4
184.136 261.274 4
480.246 124.416 4
226.437 114.463 4
236.39 114.463 4
169.206 111.974 4
186.624 119.439 4
686.776 136.858 4
701.706 129.393 4
306.063 373.248 4
311.04 213.996 4
261.274 405.596 4
251.32 415.549 4
233.902 427.991 4
139.346 296.11 4
159.253 301.087 4
84.6029 273.715 4
97.0445 89.5795 4
111.974 87.0912 4
84.6029 146.811 4
597.197 119.439 5
607.15 119.439 5
592.22 139.346 5
427.991 99.5328 5
425.503 111.974 5
435.456 106.998 5
701.706 146.811 5
701.706 156.764 5
674.335 141.834 5
681.8 144.323 5
666.87 126.904 5
654.428 139.346 5
574.802 121.928 5
582.267 129.393 5
530.012 114.463 5
534.989 114.463 5
532.501 136.858 5
537.477 139.346 5
206.531 268.739 5
149.299 87.0912 5
164.229 82.1146 5
94.5562 121.928 5
82.1146 134.369 5
646.963 124.416 5
641.987 134.369 5
554.895 111.974 5
564.849 111.974 5
554.895 139.346 5
557.384 134.369 5
515.082 99.5328 5
512.594 104.509 5
495.176 102.021 5
495.176 114.463 5
442.921 102.021 5
442.921 111.974 5
435.456 57.2314 5
398.131 92.0679 5
338.412 301.087 5
335.923 306.063 5
474.854 420.941 1
622.08 323.482 2
207.36 269.568 2
76.7232 308.966 2
163.814 80.8704 3
327.629 170.035 3
340.07 172.109 3
219.802 155.52 3
219.802 196.992 3
161.741 300.672 3
282.01 348.365 3
234.317 437.53 3
595.123 138.931 3
597.197 194.918 3
709.171 400.205 3
607.565 418.867 3
680.141 286.157 3
634.522 319.334 3
89.1648 91.2384 4
114.048 89.1648 4
82.944 134.784 4
557.798 109.901 4
586.829 109.901 4
566.093 111.974 4
483.149 101.606 4
495.59 101.606 4
481.075 124.416 4
495.59 116.122 4
433.382 55.9872 4
441.677 58.0608 4
441.677 70.5024 4
615.859 130.637 4
429.235 99.5328 4
443.75 101.606 4
425.088 111.974 4
443.75 114.048 4
682.214 145.152 4
539.136 138.931 4
514.253 186.624 4
534.989 172.109 4
512.179 105.754 4
543.283 107.827 4
516.326 118.195 4
537.062 114.048 4
667.699 128.563 4
163.814 87.0912 4
170.035 120.269 4
186.624 120.269 4
684.288 294.451 4
702.951 298.598 4
711.245 103.68 4
680.141 130.637 4
709.171 132.71 4
638.669 284.083 4
673.92 286.157 4
649.037 383.616 4
671.846 391.91 4
655.258 138.931 4
673.92 141.005 4
555.725 138.931 4
578.534 149.299 4
294.451 364.954 4
308.966 371.174 4
263.347 406.426 4
226.022 114.048 4
234.317 114.048 4
186.624 261.274 4
199.066 267.494 4
149.299 78.7968 4
85.0176 147.226 4
114.048 141.005 4
590.976 371.174 4
630.375 385.69 4
557.798 362.88 4
479.002 60.1344 4
481.075 211.507 4
487.296 196.992 4
400.205 91.2384 4
414.72 190.771 4
414.72 234.317 4
337.997 304.819 4
311.04 213.581 4
149.299 87.0912 4
147.226 124.416 4
105.754 236.39 4
597.197 120.269 5
607.565 120.269 5
595.123 134.784 5
607.565 126.49 5
574.387 122.342 5
586.829 122.342 5
576.461 126.49 5
582.682 128.563 5
111.974 120.269 5
99.5328 130.637 5
114.048 128.563 5
705.024 147.226 5
705.024 157.594 5
711.245 157.594 5
427.162 68.4288 5
435.456 70.5024 5
649.037 124.416 5
512.179 201.139 5
524.621 192.845 5
510.106 213.581 5
473.472 421.632 1
587.52 311.04 2
101.952 228.096 3
328.32 171.072 3
335.232 219.456 3
274.752 32.832 3
138.24 298.944 3
281.664 349.056 3
269.568 245.376 3
397.44 46.656 3
708.48 131.328 3
88.128 93.312 4
91.584 122.688 4
563.328 93.312 4
565.056 112.32 4
444.096 101.952 4
442.368 115.776 4
442.368 72.576 4
482.112 101.952 4
495.936 100.224 4
471.744 124.416 4
511.488 105.408 4
542.592 107.136 4
514.944 119.232 4
535.68 114.048 4
654.912 139.968 4
240.192 423.36 4
214.272 444.096 4
228.096 435.456 4
667.008 127.872 4
222.912 115.776 4
226.368 115.776 4
164.16 88.128 4
169.344 120.96 4
186.624 119.232 4
558.144 134.784 4
577.152 150.336 4
539.136 138.24 4
513.216 186.624 4
535.68 172.8 4
395.712 101.952 4
400.896 91.584 4
699.84 298.944 4
710.208 300.672 4
637.632 283.392 4
679.104 286.848 4
594.432 139.968 4
609.984 179.712 4
563.328 366.336 4
589.248 371.52 4
518.4 188.352 4
412.992 191.808 4
414.72 235.008 4
298.944 212.544 4
309.312 214.272 4
219.456 155.52 4
148.608 88.128 4
146.88 124.416 4
84.672 273.024 4
100.224 286.848 4
34.56 252.288 4
606.528 419.904 4
596.16 195.264 4
478.656 60.48 4
478.656 212.544 4
487.296 198.72 4
336.96 305.856 4
336.96 174.528 4
307.584 373.248 4
298.944 32.832 4
255.744 203.904 4
219.456 196.992 4
236.736 200.448 4
207.36 269.568 4
162.432 300.672 4
162.432 271.296 4
198.72 267.84 4
148.608 77.76 4
115.776 141.696 4
157.248 148.608 4
77.76 309.312 4
110.592 302.4 4
34.56 304.128 4
41.472 335.232 4
580.608 110.592 5
585.792 110.592 5
580.608 127.872 5
585.792 124.416 5
428.544 60.48 5
433.728 57.024 5
426.816 69.12 5
432 69.12 5
597.888 120.96 5
608.256 120.96 5
596.16 124.416 5
615.168 131.328 5
667.008 380.16 5
665.28 388.8 5
670.464 393.984 5
100.224 91.584 5
114.048 89.856 5
114.048 119.232 5
96.768 122.688 5
114.048 129.6 5
705.024 148.608 5
672.192 143.424 5
634.176 119.232 5
627.264 124.416 5
494.208 115.776 5
499.392 119.232 5
423.36 114.048 5
438.912 112.32 5
419.904 122.688 5
428.544 100.224 5
438.912 105.408 5
264.384 409.536 5
254.016 416.448 5
172.8 63.936 5
164.16 79.488 5
82.944 134.784 5
86.4 134.784 5
84.672 148.608 5
684.288 145.152 5
699.84 145.152 5
648 124.416 5
651.456 133.056 5
473.76 421.92 1
115.2 141.12 3
156.96 148.32 3
336.96 172.8 3
308.16 214.56 3
218.88 197.28 3
319.68 315.36 3
378.72 135.36 3
457.92 171.36 3
397.44 47.52 3
601.92 135.36 3
596.16 194.4 3
709.92 131.04 3
705.6 400.32 3
721.44 403.2 3
627.84 384.48 3
637.92 283.68 3
588.96 311.04 3
619.2 322.56 3
563.04 97.92 4
443.52 102.24 4
443.52 113.76 4
443.52 59.04 4
480.96 102.24 4
495.36 100.8 4
472.32 123.84 4
231.84 427.68 4
214.56 443.52 4
87.84 93.6 4
709.92 156.96 4
511.2 99.36 4
169.92 120.96 4
187.2 119.52 4
635.04 119.52 4
113.76 89.28 4
148.32 77.76 4
115.2 128.16 4
146.88 123.84 4
272.16 403.2 4
259.2 27.36 4
116.64 263.52 4
141.12 249.12 4
131.04 273.6 4
74.88 308.16 4
110.88 302.4 4
74.88 334.08 4
34.56 303.84 4
60.48 300.96 4
43.2 335.52 4
646.56 123.84 4
668.16 128.16 4
221.76 80.64 4
217.44 115.2 4
226.08 115.2 4
158.4 254.88 4
198.72 266.4 4
671.04 393.12 4
557.28 364.32 4
590.4 371.52 4
480.96 213.12 4
488.16 198.72 4
396 100.8 4
398.88 90.72 4
252 203.04 4
264.96 236.16 4
270.72 218.88 4
264.96 400.32 4
282.24 385.92 4
162.72 300.96 4
162.72 70.56 4
84.96 273.6 4
90.72 292.32 4
34.56 252 4
712.8 300.96 4
607.68 419.04 4
479.52 60.48 4
413.28 190.08 4
414.72 234.72 4
336.96 305.28 4
308.16 371.52 4
289.44 385.92 4
328.32 171.36 4
244.8 113.76 4
280.8 106.56 4
241.92 30.24 4
208.8 269.28 4
218.88 155.52 4
152.64 76.32 4
27.36 364.32 4
429.12 61.92 5
433.44 56.16 5
427.68 69.12 5
442.08 73.44 5
686.88 136.8 5
701.28 144 5
685.44 146.88 5
705.6 148.32 5
650.88 139.68 5
655.2 139.68 5
586.08 110.88 5
581.76 128.16 5
87.84 138.24 5
76.32 148.32 5
84.96 149.76 5
672.48 142.56 5
676.8 142.56 5
684 149.76 5
584.64 132.48 5
594.72 133.92 5
577.44 149.76 5
552.96 118.08 5
565.92 112.32 5
574.56 122.4 5
424.8 110.88 5
439.2 105.12 5
420.48 122.4 5
597.6 119.52 5
616.32 131.04 5
495.36 115.2 5
499.68 115.2 5
493.92 119.52 5
501.12 120.96 5
298.08 33.12 5
300.96 33.12 5
227.52 434.88 5
239.04 434.88 5
165.6 87.84 5
169.92 77.76 5
557.28 133.92 5
574.56 136.8 5
514.08 187.2 5
525.6 194.4 5
512.64 106.56 5
528.48 110.88 5
528.48 125.28 5
429.12 99.36 5
436.32 100.8 5
100.8 86.4 5
109.44 89.28 5
100.8 92.16 5
99.36 233.28 5
106.56 237.6 5
537.12 113.76 5
542.88 105.12 5
538.56 138.24 5
275.04 28.8 5
286.56 30.24 5
254.88 416.16 5
263.52 407.52 5
97.92 122.4 5
106.56 120.96 5
116.4 141.6 3
157.2 148.8 3
110.4 229.2 3
182.4 237.6 3
151.2 70.8 3
219.6 196.8 3
331.2 32.4 3
302.4 126 3
132 310.8 3
308.4 332.4 3
337.2 306 3
259.2 240 3
458.4 171.6 3
511.2 454.8 3
483.6 286.8 3
541.2 261.6 3
420 348 3
628.8 384 3
646.8 334.8 3
426 99.6 4
451.2 98.4 4
445.2 102 4
564 98.4 4
115.2 86.4 4
147.6 90 4
116.4 128.4 4
146.4 124.8 4
511.2 99.6 4
512.4 105.6 4
444 61.2 4
240 424.8 4
214.8 444 4
223.2 440.4 4
482.4 99.6 4
499.2 100.8 4
472.8 123.6 4
165.6 88.8 4
170.4 121.2 4
187.2 121.2 4
710.4 157.2 4
712.8 158.4 4
558 134.4 4
606 120 4
636 120 4
259.2 27.6 4
276 30 4
211.2 116.4 4
225.6 116.4 4
87.6 94.8 4
98.4 122.4 4
528 139.2 4
532.8 136.8 4
536.4 174 4
74.4 309.6 4
94.8 300 4
79.2 337.2 4
93.6 330 4
616.8 132 4
634.8 133.2 4
609.6 180 4
255.6 417.6 4
513.6 187.2 4
483.6 207.6 4
489.6 200.4 4
481.2 213.6 4
344.4 130.8 4
356.4 132 4
337.2 171.6 4
364.8 157.2 4
282 385.2 4
84 150 4
87.6 138 4
33.6 303.6 4
61.2 318 4
22.8 339.6 4
42 336 4
22.8 362.4 4
31.2 402 4
601.2 196.8 4
628.8 188.4 4
397.2 91.2 4
402 91.2 4
396 102 4
402 105.6 4
294 366 4
309.6 372 4
289.2 385.2 4
322.8 396 4
308.4 214.8 4
320.4 219.6 4
246 114 4
280.8 106.8 4
252 204 4
265.2 201.6 4
246 232.8 4
268.8 238.8 4
106.8 237.6 4
646.8 123.6 4
669.6 128.4 4
668.4 392.4 4
398.4 44.4 4
398.4 46.8 4
85.2 273.6 4
91.2 291.6 4
724.8 303.6 4
720 403.2 4
619.2 321.6 4
636 321.6 4
612 346.8 4
607.2 418.8 4
607.2 446.4 4
564 306 4
590.4 312 4
380.4 134.4 4
378 159.6 4
218.4 154.8 4
238.8 24 4
199.2 266.4 4
210 270 4
162 70.8 4
189.6 264 4
120 262.8 4
130.8 274.8 4
140.4 270 4
33.6 253.2 4
676.8 288 4
601.2 274.8 4
637.2 283.2 4
595.2 193.2 4
585.6 217.2 4
558 364.8 4
590.4 372 4
474 421.2 4
498 133.2 4
482.4 162 4
439.2 250.8 4
460.8 282 4
414 190.8 4
416.4 235.2 4
392.4 266.4 4
399.6 267.6 4
328.8 174 4
163.2 301.2 4
150 454.8 4
424.8 110.4 5
442.8 115.2 5
423.6 116.4 5
442.8 120 5
585.6 111.6 5
582 128.4 5
598.8 120 5
433.2 55.2 5
429.6 62.4 5
442.8 73.2 5
286.8 30 5
302.4 26.4 5
297.6 33.6 5
302.4 33.6 5
651.6 139.2 5
656.4 140.4 5
662.4 144 5
673.2 142.8 5
687.6 138 5
686.4 146.4 5
537.6 114 5
543.6 108 5
536.4 116.4 5
553.2 118.8 5
710.4 129.6 5
705.6 150 5
580.8 132 5
595.2 140.4 5
578.4 151.2 5
560.4 111.6 5
566.4 112.8 5
559.2 117.6 5
574.8 122.4 5
495.6 115.2 5
500.4 115.2 5
494.4 118.8 5
502.8 121.2 5
646 124 2
268 145 3
219 197 3
331 33 3
303 126 3
130 377 3
55 415 3
354 437 3
298 283 3
465 197 3
511 455 3
462 444 3
487 347 3
551 303 3
426 99 4
453 72 4
445 102 4
564 92 4
575 123 4
586 111 4
657 141 4
670 128 4
433 56 4
448 59 4
240 425 4
215 444 4
223 440 4
557 141 4
581 129 4
481 95 4
508 78 4
472 124 4
495 116 4
511 99 4
552 92 4
512 106 4
536 117 4
285 379 4
261 404 4
272 391 4
705 151 4
703 160 4
166 89 4
170 122 4
188 121 4
243 30 4
276 31 4
532 137 4
539 140 4
536 174 4
115 87 4
147 90 4
116 120 4
147 124 4
75 309 4
78 337 4
86 329 4
88 94 4
93 123 4
303 19 4
117 262 4
137 246 4
120 271 4
141 270 4
617 132 4
634 134 4
610 181 4
618 123 4
635 120 4
520 189 4
523 217 4
553 238 4
222 80 4
218 117 4
227 117 4
484 207 4
490 196 4
482 214 4
508 218 4
151 252 4
190 264 4
162 269 4
180 288 4
476 248 4
495 252 4
470 284 4
490 289 4
440 155 4
423 166 4
459 158 4
397 91 4
403 92 4
396 100 4
420 122 4
353 132 4
356 132 4
337 175 4
375 158 4
27 304 4
59 296 4
23 338 4
49 350 4
617 252 4
605 276 4
637 283 4
380 135 4
420 152 4
377 159 4
410 164 4
196 19 4
238 24 4
198 266 4
210 270 4
151 71 4
82 136 4
84 151 4
716 304 4
722 333 4
589 246 4
568 268 4
590 273 4
398 49 4
403 48 4
292 376 4
310 372 4
290 386 4
91 250 4
80 281 4
88 273 4
573 308 4
590 312 4
498 133 4
483 162 4
499 179 4
337 307 4
246 114 4
281 107 4
28 377 4
40 353 4
30 404 4
57 385 4
618 187 4
628 189 4
531 358 4
546 362 4
382 194 4
414 191 4
416 235 4
343 215 4
362 219 4
286 147 4
319 128 4
329 174 4
254 205 4
275 208 4
265 237 4
249 426 4
265 408 4
111 303 4
133 303 4
127 338 4
37 255 4
42 279 4
619 321 4
624 319 4
612 347 4
558 365 4
592 373 4
536 261 4
516 295 4
439 251 4
456 245 4
461 282 4
382 298 4
420 348 4
344 295 4
371 288 4
149 456 4
712 402 4
718 403 4
607 419 4
607 446 4
594 194 4
557 239 4
585 217 4
308 214 4
285 349 4
163 302 4
186 211 4
182 238 4
101 230 4
647 335 4
677 332 4
665 388 4
670 393 4
680 287 4
680 438 4
627 377 4
628 383 4
475 423 4
467 359 4
489 393 4
455 339 4
393 415 4
405 424 4
399 267 4
305 334 4
218 155 4
218 158 4
238 395 4
165 358 4
154 460 4
156 147 4
116 129 4
106 237 4
425 104 5
439 108 5
423 116 5
443 115 5
