1100 165 3
1093 182 3
1121 125 3
1065 107 3
1104 248 3
1095 245 3
1132 206 3
1074 188 3
1049 327 3
1025 293 3
1003 295 3
1179 99 3
1148 62 3
1176 47 3
1139 37 3
1037 164 3
1002 156 3
1051 116 3
1023 122 3
1103 59 3
1062 96 3
1130 23 3
1078 52 3
1044 242 3
1013 256 3
1043 221 3
1012 226 3
1049 83 3
1020 59 3
1048 42 3
1171 176 2
1160 327 2
1090 290 2
1172 230 2
1050 326.4 3
1024.8 291.6 3
1003.2 295.2 3
1057.2 172.8 3
1002 154.8 3
1051.2 116.4 3
1017.6 126 3
1179.6 98.4 3
1148.4 61.2 3
1176 46.8 3
1138.8 37.2 3
1044 241.2 3
1012.8 243.6 3
1042.8 199.2 3
1010.4 190.8 3
1048.8 82.8 3
1003.2 99.6 3
1053.6 28.8 3
1101.6 66 3
1059.6 98.4 3
1102.8 58.8 3
1075.2 60 3
1171.2 175.2 2
1100.4 164.4 2
1159.2 326.4 2
1118.4 320.4 2
1172.4 229.2 2
1058.4 200.4 2
1042.56 241.92 3
1012.32 254.88 3
1042.56 208.8 3
1009.44 200.16 3
1039.68 84.96 3
1052.64 28.8 3
1092.96 74.88 3
1058.4 82.08 3
1101.6 59.04 3
1074.24 60.48 3
1049.76 118.08 2
1170.72 175.68 2
1056.96 172.8 2
1139.04 36 2
1016.64 296.64 2
1159.2 326.88 2
1074.24 309.6 2
1167.84 252 2
1059.84 241.92 2
1092.1 181.44 3
1057.54 172.8 3
1116.29 124.416 3
1050.62 141.696 3
1041.98 96.768 3
1043.71 65.664 3
1003.97 48.384 3
1092.1 74.304 3
1057.54 82.944 3
1088.64 58.752 3
1085.18 53.568 3
1048.9 117.504 2
1169.86 174.528 2
1138.75 36.288 2
1016.06 297.216 2
1041.98 241.92 2
1164.67 331.776 2
1054.08 264.384 2
1166.4 252.288 2
1052.35 247.104 2
1043.02 93.312 3
1038.87 70.5024 3
1092.79 74.6496 3
1057.54 82.944 3
1088.64 58.0608 3
1069.98 58.0608 3
1043.02 114.048 2
1169.51 174.182 2
1057.54 163.814 2
1171.58 39.3984 2
1016.06 296.525 2
1040.95 240.538 2
1155 325.555 2
1053.39 263.347 2
1165.36 223.949 2
1053.39 246.758 2
1045.09 92.0679 3
1089.88 57.2314 3
1055.05 64.6963 3
1037.63 164.229 2
1037.63 99.5328 2
1052.56 176.671 2
1149.6 49.7664 2
1015.23 296.11 2
1122.23 320.993 2
1055.05 263.762 2
1129.7 206.531 2
1042.61 241.367 2
1074.95 89.5795 3
1057.04 101.523 3
1089.88 56.7337 3
1051.07 74.6496 3
1036.14 86.5936 2
1051.07 176.173 2
1015.23 295.612 2
1119.74 274.711 2
1083.91 310.542 2
1167.52 223.949 2
1054.05 247.837 2
1074.95 93.1627 3
1035.54 93.1627 3
1071.37 82.4132 3
1049.87 75.2468 3
1103.62 268.739 2
1046.29 265.155 2
1128.7 222.157 2
1042.71 225.74 2
1010.46 293.821 2
1049.87 175.576 2
469.397 82.4132 2
390.567 154.077 2
465.814 164.826 2
93.1627 107.495 2
150.494 100.329 2
118.245 171.993 2
139.744 171.993 2
472.98 71.6636 2
598.391 107.495 2
487.313 125.411 2
587.642 175.576 2
917.294 186.325 2
996.125 232.907 2
913.711 261.572 2
476.563 189.909 2
587.642 207.825 2
508.812 279.488 2
931.627 68.0805 2
963.876 68.0805 2
928.044 139.744 2
974.625 161.243 2
652.139 71.6636 2
730.969 100.329 2
612.724 175.576 2
730.969 139.744 2
372.651 186.325 2
465.814 240.073 2
340.402 265.155 2
257.989 89.5795 2
293.821 85.9964 2
261.572 161.243 2
265.155 168.41 2
71.6636 200.658 2
132.578 204.241 2
71.6636 297.404 2
168.41 272.322 2
641.39 211.408 2
713.053 229.324 2
684.388 254.406 2
197.075 207.825 2
315.32 197.075 2
802.633 103.912 2
834.881 75.2468 2
770.384 175.576 2
881.463 171.993 2
881.463 225.74 2
877.88 297.404 2
365.485 71.6636 3
386.984 82.4132 3
361.901 103.912 3
376.234 114.662 3
943.571 188.117 2
997.319 232.907 2
940.585 265.753 2
928.641 137.355 2
976.417 164.229 2
883.851 229.921 2
836.076 280.683 2
621.085 206.033 2
713.65 229.921 2
683.79 253.809 2
803.23 104.509 2
836.076 74.6496 2
770.384 176.173 2
880.865 173.187 2
653.931 71.6636 2
683.79 86.5936 2
624.071 167.215 2
734.552 158.257 2
477.758 191.103 2
585.253 209.019 2
522.547 265.753 2
373.248 191.103 2
462.828 241.865 2
340.402 265.753 2
471.786 71.6636 2
597.197 110.481 2
489.701 125.411 2
403.108 107.495 2
465.814 164.229 2
188.117 206.033 2
313.528 197.075 2
256.795 253.809 2
289.641 283.669 2
71.6636 200.061 2
134.369 203.047 2
71.6636 298.598 2
170.201 274.711 2
247.837 62.7057 2
292.626 86.5936 2
197.075 125.411 2
262.767 161.243 2
59.7197 101.523 2
116.453 173.187 2
137.355 173.187 2
361.304 119.439 3
370.262 143.327 3
337.416 179.159 3
391.164 155.271 3
561.365 128.397 3
600.183 146.313 3
573.309 179.159 3
588.239 179.159 3
925.655 62.7057 3
964.473 65.6917 3
913.711 89.5795 3
955.515 92.5655 3
355.332 74.6496 3
388.178 68.6776 3
361.304 104.509 3
379.22 101.523 3
128.397 71.6636 3
179.159 80.6216 3
152.285 101.523 3
179.159 95.5515 3
945.562 189.112 2
997.816 233.902 2
940.585 266.25 2
918.19 184.136 2
885.842 228.925 2
758.938 320.993 2
846.029 283.669 2
681.8 253.809 2
686.776 256.297 2
726.59 301.087 2
801.239 104.509 2
836.076 77.1379 2
771.379 176.671 2
885.842 184.136 2
654.428 74.6496 2
684.288 47.2781 2
622.08 166.717 2
734.055 139.346 2
477.758 191.601 2
584.755 209.019 2
472.781 320.993 2
370.76 194.089 2
462.828 241.367 2
343.388 266.25 2
472.781 111.974 2
597.197 109.486 2
487.711 126.904 2
445.409 161.741 2
186.624 206.531 2
313.528 196.577 2
189.112 320.993 2
286.157 286.157 2
72.1613 201.554 2
134.369 204.042 2
72.1613 298.598 2
171.694 273.715 2
196.577 124.416 2
263.762 161.741 2
47.2781 97.0445 2
52.2547 121.928 2
345.877 49.7664 3
390.666 67.1846 3
360.806 104.509 3
380.713 104.509 3
350.853 129.393 3
370.76 144.323 3
353.341 184.136 3
393.155 154.276 3
403.108 69.673 3
465.316 47.2781 3
405.596 106.998 3
467.804 82.1146 3
544.942 131.881 3
599.685 146.811 3
572.314 181.647 3
607.15 159.253 3
114.463 134.369 3
151.788 126.904 3
139.346 171.694 3
149.299 156.764 3
206.531 52.2547 3
248.832 62.208 3
216.484 82.1146 3
246.344 104.509 3
126.904 52.2547 3
171.694 57.2314 3
141.834 109.486 3
151.788 102.021 3
925.655 57.2314 3
962.98 67.1846 3
915.702 89.5795 3
962.98 82.1146 3
288.645 64.6963 3
325.97 49.7664 3
261.274 89.5795 3
293.622 87.0912 3
943.488 188.698 2
970.445 277.862 2
918.605 182.477 2
825.293 255.053 2
883.354 228.096 2
758.938 319.334 2
885.427 271.642 2
680.141 252.979 2
688.435 257.126 2
725.76 300.672 2
798.336 39.3984 2
854.323 45.6192 2
769.306 176.256 2
883.354 182.477 2
738.202 62.208 2
622.08 165.888 2
707.098 132.71 2
476.928 190.771 2
582.682 209.434 2
472.781 319.334 2
418.867 188.698 2
342.144 265.421 2
408.499 275.789 2
466.56 47.6928 2
601.344 95.3856 2
186.624 205.286 2
313.114 196.992 2
180.403 325.555 2
286.157 284.083 2
70.5024 203.213 2
132.71 205.286 2
74.6496 296.525 2
172.109 273.715 2
294.451 87.0912 2
263.347 161.741 2
97.4592 41.472 2
43.5456 155.52 2
350.438 60.1344 3
389.837 66.3552 3
344.218 87.0912 3
360.806 103.68 3
352.512 134.784 3
369.101 145.152 3
337.997 180.403 3
391.91 155.52 3
545.357 130.637 3
597.197 109.901 3
574.387 178.33 3
584.755 182.477 3
116.122 132.71 3
153.446 128.563 3
141.005 170.035 3
145.152 147.226 3
937.267 70.5024 3
962.151 66.3552 3
924.826 91.2384 3
962.151 80.8704 3
402.278 70.5024 3
439.603 41.472 3
404.352 107.827 3
452.045 82.944 3
207.36 51.84 3
221.875 41.472 3
178.33 78.7968 3
215.654 80.8704 3
976.666 45.6192 3
974.592 89.1648 3
128.563 51.84 3
170.035 58.0608 3
141.005 101.606 3
155.52 101.606 3
398.131 109.901 3
456.192 128.563 3
425.088 174.182 3
445.824 161.741 3
194.918 122.342 3
240.538 124.416 3
209.434 159.667 3
215.654 155.52 3
663.552 51.84 3
646.963 85.0176 3
653.184 74.6496 3
487.296 128.563 3
530.842 138.931 3
466.56 163.814 3
514.253 180.403 3
356.659 194.918 3
371.174 192.845 3
352.512 230.17 3
379.469 223.949 3
971.136 279.936 2
955.584 183.168 2
829.44 205.632 2
760.32 321.408 2
884.736 273.024 2
622.08 209.088 2
689.472 257.472 2
680.832 335.232 2
696.384 271.296 2
796.608 38.016 2
853.632 46.656 2
768.96 176.256 2
876.096 172.8 2
737.856 62.208 2
708.48 133.056 2
478.656 190.08 2
558.144 221.184 2
471.744 321.408 2
599.616 326.592 2
352.512 231.552 2
418.176 188.352 2
343.872 266.112 2
421.632 335.232 2
473.472 105.408 2
601.344 96.768 2
186.624 205.632 2
314.496 212.544 2
181.44 326.592 2
285.12 285.12 2
70.848 298.944 2
171.072 274.752 2
262.656 162.432 2
96.768 41.472 2
43.2 155.52 2
342.144 46.656 3
369.792 65.664 3
343.872 88.128 3
361.152 103.68 3
395.712 48.384 3
440.64 41.472 3
399.168 91.584 3
459.648 101.952 3
910.656 46.656 3
960.768 65.664 3
940.032 70.848 3
962.496 81.216 3
544.32 131.328 3
596.16 110.592 3
573.696 181.44 3
601.344 174.528 3
352.512 126.144 3
362.88 115.776 3
336.96 179.712 3
368.064 158.976 3
115.776 133.056 3
153.792 127.872 3
117.504 172.8 3
141.696 171.072 3
207.36 51.84 3
222.912 41.472 3
177.984 77.76 3
228.096 67.392 3
404.352 108.864 3
456.192 129.6 3
393.984 155.52 3
445.824 162.432 3
195.264 145.152 3
233.28 129.6 3
209.088 160.704 3
216 155.52 3
485.568 129.6 3
514.944 136.512 3
466.56 179.712 3
514.944 179.712 3
266.112 44.928 3
288.576 63.936 3
278.208 82.944 3
293.76 86.4 3
978.048 76.032 3
127.872 51.84 3
141.696 65.664 3
129.6 81.216 3
157.248 103.68 3
673.92 55.296 3
648 86.4 3
653.184 76.032 3
32.832 221.184 3
69.12 203.904 3
44.928 259.2 3
72.576 231.552 3
908.928 221.184 3
943.488 188.352 3
927.936 257.472 3
965.952 229.824 3
627.264 108.864 3
682.56 129.6 3
637.632 183.168 3
665.28 160.704 3
117.504 190.08 3
145.152 209.088 3
114.048 224.64 3
141.696 231.552 3
834.624 221.184 3
903.744 212.544 3
839.808 259.2 3
883.008 229.824 3
970.56 279.36 2
967.68 106.56 2
830.88 246.24 2
763.2 322.56 2
885.6 273.6 2
636.48 208.8 2
689.76 257.76 2
636.48 326.88 2
724.32 300.96 2
796.32 37.44 2
583.2 210.24 2
470.88 322.56 2
565.92 341.28 2
419.04 190.08 2
342.72 339.84 2
396 341.28 2
469.44 95.04 2
601.92 96.48 2
182.88 326.88 2
283.68 286.56 2
31.68 208.8 2
70.56 299.52 2
126.72 285.12 2
262.08 162.72 2
87.84 41.76 2
351.36 61.92 3
361.44 41.76 3
352.8 74.88 3
361.44 103.68 3
394.56 28.8 3
432 30.24 3
398.88 92.16 3
459.36 103.68 3
931.68 60.48 3
974.88 34.56 3
940.32 66.24 3
963.36 83.52 3
545.76 131.04 3
612 136.8 3
574.56 181.44 3
601.92 175.68 3
627.84 108 3
682.56 129.6 3
637.92 182.88 3
662.4 148.32 3
352.8 125.28 3
354.24 136.8 3
338.4 181.44 3
368.64 159.84 3
198.72 43.2 3
207.36 51.84 3
178.56 80.64 3
228.96 67.68 3
97.92 43.2 3
138.24 30.24 3
129.6 80.64 3
141.12 102.24 3
116.64 133.92 3
155.52 129.6 3
116.64 171.36 3
141.12 171.36 3
266.4 44.64 3
299.52 27.36 3
279.36 83.52 3
295.2 86.4 3
486.72 128.16 3
515.52 138.24 3
493.92 158.4 3
515.52 184.32 3
403.2 138.24 3
456.48 129.6 3
394.56 155.52 3
446.4 162.72 3
698.4 30.24 3
737.28 63.36 3
701.28 64.8 3
731.52 64.8 3
990.72 44.64 3
789.12 109.44 3
823.68 141.12 3
768.96 177.12 3
800.64 148.32 3
859.68 224.64 3
904.32 213.12 3
852.48 237.6 3
884.16 230.4 3
673.92 56.16 3
648 86.4 3
684 87.84 3
116.64 190.08 3
135.36 207.36 3
113.76 250.56 3
141.12 231.84 3
204.48 108 3
233.28 129.6 3
194.4 145.44 3
216 155.52 3
866.88 125.28 3
888.48 129.6 3
851.04 145.44 3
882.72 174.24 3
856.8 31.68 3
907.2 59.04 3
848.16 77.76 3
881.28 100.8 3
917.28 214.56 3
944.64 188.64 3
910.08 253.44 3
960.48 260.64 3
319.68 211.68 3
355.68 194.4 3
352.8 231.84 3
377.28 226.08 3
187.2 205.92 3
217.44 188.64 3
180 239.04 3
234.72 231.84 3
257.76 185.76 3
313.92 211.68 3
256.32 254.88 3
309.6 241.92 3
479.52 191.52 3
532.8 207.36 3
485.28 231.84 3
51.84 123.84 3
64.8 135.36 3
44.64 155.52 3
74.88 168.48 3
708.48 133.92 3
745.92 122.4 3
711.36 155.52 3
738.72 165.6 3
970.8 279.6 2
831.6 246 2
764.4 322.8 2
886.8 272.4 2
691.2 258 2
613.2 315.6 2
724.8 300 2
470.4 321.6 2
582 284.4 2
464.4 66 2
601.2 96 2
282 286.8 2
69.6 298.8 2
126 285.6 2
262.8 163.2 2
87.6 40.8 2
45.6 156 2
348 60 3
362.4 22.8 3
350.4 67.2 3
380.4 73.2 3
396 28.8 3
432 31.2 3
398.4 91.2 3
444 94.8 3
912 46.8 3
976.8 45.6 3
940.8 66 3
949.2 75.6 3
319.2 110.4 3
362.4 104.4 3
338.4 181.2 3
368.4 159.6 3
403.2 138 3
457.2 129.6 3
404.4 145.2 3
446.4 163.2 3
546 130.8 3
612 136.8 3
542.4 177.6 3
602.4 175.2 3
860.4 224.4 3
904.8 213.6 3
853.2 237.6 3
884.4 230.4 3
709.2 51.6 3
726 54 3
702 64.8 3
733.2 66 3
624 102 3
670.8 117.6 3
638.4 182.4 3
662.4 148.8 3
399.6 298.8 3
441.6 296.4 3
397.2 340.8 3
451.2 345.6 3
202.8 24 3
206.4 50.4 3
194.4 88.8 3
216 82.8 3
487.2 129.6 3
517.2 138 3
466.8 164.4 3
516 183.6 3
266.4 44.4 3
300 27.6 3
252 96 3
295.2 86.4 3
102 34.8 3
150 24 3
129.6 80.4 3
160.8 96 3
784.8 124.8 3
817.2 105.6 3
769.2 177.6 3
835.2 159.6 3
117.6 133.2 3
156 129.6 3
116.4 171.6 3
141.6 171.6 3
992.4 45.6 3
866.4 126 3
889.2 129.6 3
860.4 160.8 3
884.4 183.6 3
856.8 31.2 3
907.2 58.8 3
841.2 88.8 3
903.6 63.6 3
685.2 46.8 3
649.2 85.2 3
684 87.6 3
320.4 212.4 3
356.4 194.4 3
346.8 265.2 3
352.8 231.6 3
116.4 190.8 3
135.6 207.6 3
112.8 250.8 3
141.6 231.6 3
798 38.4 3
831.6 22.8 3
776.4 100.8 3
835.2 64.8 3
718.8 132 3
740.4 120 3
711.6 154.8 3
739.2 165.6 3
945.6 189.6 3
966 213.6 3
939.6 266.4 3
961.2 261.6 3
184.8 138 3
232.8 129.6 3
201.6 154.8 3
216 156 3
325.2 273.6 3
372 298.8 3
336 320.4 3
354 334.8 3
481.2 190.8 3
531.6 207.6 3
486 231.6 3
264 225.6 3
313.2 212.4 3
255.6 254.4 3
310.8 241.2 3
187.2 206.4 3
241.2 212.4 3
181.2 238.8 3
235.2 231.6 3
418.8 189.6 3
462 192 3
396 246 3
460.8 242.4 3
32.4 207.6 3
69.6 204 3
44.4 259.2 3
74.4 232.8 3
175.2 273.6 3
222 278.4 3
183.6 326.4 3
240 345.6 3
939.6 111.6 3
969.6 105.6 3
928.8 168 3
956.4 183.6 3
637.2 208.8 3
651.6 213.6 3
685.2 259.2 3
559.2 222 3
596.4 200.4 3
547.2 232.8 3
960 278 2
825 204 2
887 273 2
695 271 2
464 66 2
612 90 2
158 278 2
60 98 2
324 21 3
362 23 3
348 60 3
352 64 3
400 21 3
432 31 3
413 100 3
430 79 3
705 39 3
744 35 3
696 90 3
738 63 3
923 54 3
977 35 3
940 62 3
974 59 3
628 108 3
682 129 3
638 183 3
666 161 3
403 138 3
457 130 3
396 156 3
446 164 3
544 131 3
595 110 3
542 178 3
582 184 3
856 223 3
905 214 3
853 238 3
888 258 3
319 111 3
362 103 3
338 182 3
368 160 3
474 113 3
520 138 3
494 158 3
531 182 3
798 39 3
805 51 3
775 92 3
805 73 3
785 125 3
836 106 3
769 178 3
835 160 3
719 132 3
741 120 3
711 156 3
733 156 3
667 52 3
649 85 3
684 88 3
868 44 3
908 51 3
840 95 3
904 64 3
198 42 3
206 50 3
195 89 3
232 69 3
261 50 3
300 27 3
249 61 3
294 90 3
867 126 3
890 130 3
862 182 3
884 184 3
992 45 3
269 291 3
282 287 3
253 342 3
301 334 3
119 134 3
156 130 3
117 171 3
143 144 3
102 45 3
134 24 3
124 60 3
144 99 3
172 275 3
234 301 3
185 326 3
212 323 3
946 197 3
966 227 3
938 266 3
951 268 3
399 299 3
442 297 3
397 341 3
444 324 3
320 213 3
357 195 3
348 265 3
353 232 3
117 192 3
145 211 3
113 251 3
142 232 3
330 272 3
354 271 3
321 315 3
377 348 3
479 301 3
521 271 3
469 323 3
526 343 3
570 290 3
603 297 3
550 323 3
608 348 3
187 206 3
237 221 3
178 236 3
235 231 3
940 111 3
969 106 3
920 183 3
956 184 3
419 196 3
462 192 3
394 247 3
460 243 3
623 185 3
652 214 3
619 265 3
677 253 3
264 226 3
313 195 3
255 255 3
310 242 3
634 308 3
664 308 3
640 318 3
655 345 3
185 138 3
231 104 3
202 155 3
216 156 3
31 208 3
69 203 3
45 260 3
74 233 3
773 274 3
831 281 3
765 323 3
817 350 3
996 346 3
481 191 3
531 208 3
469 241 3
524 268 3
559 222 3
612 200 3
546 235 3
256 141 3
288 107 3
262 164 3
50 125 3
57 138 3
47 157 3
75 167 3
33 280 3
70 299 3
47 343 3
86 329 3
693 212 3
726 218 3
692 259 3
749 245 3
