1114 248 3
1064 192 3
1038 224 3
1178 249 3
1170 248 3
1104 66 3
1081 72 3
1050 145 3
1103 148 3
1103 120 3
1073 137 3
1038 97 3
1001 62 3
1031 32 3
1003 57 3
1180 108 2
1102.8 147.6 3
1072.8 136.8 3
1171.2 247.2 3
1161.6 265.2 3
1039.2 223.2 3
1107.6 248.4 3
1064.4 192 3
1098 72 3
1093.2 84 3
1051.2 147.6 3
1038 97.2 3
1002 62.4 3
1030.8 36 3
1003.2 57.6 3
1180.8 108 2
1000.8 61.92 2
1179.36 108 2
1072.8 136.8 2
1080 72 2
1038.24 223.2 2
1160.64 266.4 2
1170.72 247.68 2
1062.72 192.96 2
1000.51 62.208 2
1093.82 138.24 2
1102.46 65.664 2
1038.53 222.912 2
1169.86 247.104 2
1062.72 224.64 2
1049.24 145.152 2
1080.35 70.5024 2
1038.87 221.875 2
1171.58 246.758 2
1061.68 192.845 2
1000.3 62.208 2
1050.07 146.811 2
1040.12 223.949 2
1172 248.832 2
1062.51 194.089 2
1000.3 59.7197 2
1164.53 253.809 2
1042.11 220.963 2
1039.12 193.492 2
917.294 68.0805 2
999.708 68.0805 2
920.878 143.327 2
992.541 146.91 2
759.635 186.325 2
838.464 225.74 2
698.72 200.658 2
623.474 257.989 2
759.635 118.245 2
824.132 111.079 2
806.216 121.828 2
856.38 136.161 2
662.889 107.495 2
745.302 96.7459 2
637.806 121.828 2
745.302 125.411 2
476.563 197.075 2
562.56 204.241 2
476.563 275.905 2
558.976 290.238 2
372.651 218.574 2
440.731 204.241 2
340.402 257.989 2
422.815 297.404 2
501.645 71.6636 2
605.558 75.2468 2
487.313 139.744 2
569.726 164.826 2
458.647 111.079 2
343.985 150.494 2
408.483 157.66 2
211.408 229.324 2
315.32 236.49 2
222.157 286.655 2
118.245 243.656 2
193.492 247.24 2
96.7459 254.406 2
272.322 103.912 2
240.073 161.243 2
308.154 128.995 2
68.0805 78.83 2
161.243 85.9964 2
189.909 121.828 2
297.404 279.488 3
315.32 279.488 3
286.655 297.404 3
308.154 290.238 3
211.408 85.9964 3
232.907 85.9964 3
204.241 103.912 3
236.49 96.7459 3
612.724 193.492 3
673.638 214.991 3
637.806 222.157 3
677.221 222.157 3
154.077 257.989 3
189.909 257.989 3
146.91 293.821 3
179.159 286.655 3
925.655 59.7197 2
922.669 143.327 2
976.417 155.271 2
764.412 188.117 2
839.062 226.935 2
701.706 203.047 2
615.113 259.781 2
827.118 110.481 2
761.426 116.453 2
665.875 107.495 2
749.482 92.5655 2
639.001 122.425 2
725.594 116.453 2
507.617 200.061 2
474.772 277.697 2
552.407 304.57 2
447.898 206.033 2
334.43 271.725 2
421.024 307.556 2
501.645 71.6636 2
585.253 62.7057 2
543.449 173.187 2
361.304 113.467 2
432.968 56.7337 2
334.43 131.383 2
438.94 161.243 2
194.089 247.837 2
220.963 289.641 2
104.509 244.851 2
179.159 244.851 2
56.7337 253.809 2
310.542 92.5655 2
238.879 161.243 2
310.542 128.397 2
59.7197 77.6356 2
164.229 86.5936 2
265.753 277.697 3
316.514 280.683 3
289.641 298.598 3
307.556 289.641 3
262.767 203.047 3
289.641 244.851 3
313.528 235.893 3
200.061 77.6356 3
235.893 74.6496 3
209.019 86.5936 3
235.893 98.5375 3
615.113 194.089 3
671.846 214.991 3
641.987 220.963 3
674.833 223.949 3
149.299 280.683 3
176.173 277.697 3
146.313 292.626 3
179.159 292.626 3
564.351 203.047 3
582.267 206.033 3
573.309 238.879 3
600.183 232.907 3
489.701 140.341 3
507.617 125.411 3
474.772 182.145 3
522.547 161.243 3
349.36 217.977 3
388.178 217.977 3
334.43 235.893 3
373.248 220.963 3
845.034 119.439 3
874.893 122.425 3
842.048 182.145 3
868.922 164.229 3
965.468 320.993 2
925.655 59.7197 2
923.167 144.323 2
992.84 149.299 2
761.426 186.624 2
841.052 226.437 2
669.358 216.484 2
701.706 204.042 2
614.615 261.274 2
826.122 111.974 2
875.889 106.998 2
846.029 119.439 2
666.87 109.486 2
639.498 124.416 2
475.269 278.692 2
549.919 303.575 2
447.898 206.531 2
333.435 273.715 2
420.526 308.552 2
502.641 74.6496 2
547.43 49.7664 2
544.942 174.182 2
385.69 49.7664 2
462.828 67.1846 2
408.085 159.253 2
97.0445 256.297 2
151.788 248.832 2
72.1613 258.785 2
176.671 278.692 2
186.624 89.5795 2
311.04 92.0679 2
238.879 161.741 2
308.552 129.393 2
59.7197 77.1379 2
161.741 87.0912 2
161.741 121.928 2
271.227 213.996 3
288.645 243.855 3
313.528 233.902 3
266.25 266.25 3
301.087 281.18 3
288.645 306.063 3
490.199 139.346 3
507.617 124.416 3
490.199 151.788 3
512.594 181.647 3
186.624 271.227 3
231.414 258.785 3
216.484 318.505 3
241.367 320.993 3
350.853 218.972 3
375.736 216.484 3
333.435 236.39 3
363.295 226.437 3
191.601 221.461 3
238.879 206.531 3
194.089 246.344 3
226.437 231.414 3
709.171 57.2314 3
724.101 64.6963 3
684.288 89.5795 3
748.984 94.5562 3
768.891 121.928 3
798.751 121.928 3
763.914 171.694 3
811.192 174.182 3
564.849 204.042 3
612.127 204.042 3
572.314 248.832 3
599.685 233.902 3
477.758 201.554 3
507.617 201.554 3
472.781 241.367 3
534.989 253.809 3
333.435 131.881 3
365.783 134.369 3
333.435 164.229 3
365.783 169.206 3
686.776 144.323 3
724.101 116.951 3
696.73 176.671 3
736.543 176.671 3
953.856 259.2 2
958.003 288.23 2
933.12 60.1344 2
999.475 60.1344 2
922.752 143.078 2
993.255 149.299 2
761.011 186.624 2
837.734 223.949 2
671.846 263.347 2
875.059 105.754 2
474.854 277.862 2
551.578 300.672 2
449.971 203.213 2
425.088 294.451 2
501.811 74.6496 2
586.829 64.2816 2
541.21 174.182 2
360.806 41.472 2
464.486 68.4288 2
406.426 157.594 2
72.576 257.126 2
151.373 248.832 2
87.0912 325.555 2
176.256 277.862 2
311.04 91.2384 2
238.464 149.299 2
308.966 128.563 2
60.1344 78.7968 2
161.741 87.0912 2
161.741 122.342 2
267.494 263.347 3
302.746 279.936 3
279.936 308.966 3
286.157 306.893 3
186.624 269.568 3
230.17 265.421 3
203.213 325.555 3
242.611 319.334 3
271.642 213.581 3
271.642 244.685 3
302.746 234.317 3
761.011 120.269 3
798.336 122.342 3
763.085 165.888 3
794.189 182.477 3
350.438 217.728 3
377.395 215.654 3
331.776 234.317 3
364.954 226.022 3
489.37 136.858 3
508.032 124.416 3
489.37 151.373 3
512.179 182.477 3
709.171 145.152 3
731.981 109.901 3
696.73 176.256 3
744.422 174.182 3
709.171 58.0608 3
723.687 64.2816 3
684.288 89.1648 3
748.57 93.312 3
613.786 196.992 3
651.11 217.728 3
628.301 252.979 3
682.214 255.053 3
190.771 221.875 3
238.464 207.36 3
194.918 244.685 3
230.17 257.126 3
476.928 201.139 3
508.032 199.066 3
472.781 240.538 3
532.915 252.979 3
335.923 282.01 3
358.733 279.936 3
342.144 298.598 3
690.509 203.213 3
731.981 207.36 3
702.951 240.538 3
178.33 97.4592 3
236.39 74.6496 3
638.669 122.342 3
667.699 109.901 3
636.595 153.446 3
673.92 174.182 3
564.019 203.213 3
580.608 203.213 3
570.24 242.611 3
599.271 232.243 3
673.92 55.9872 3
615.859 80.8704 3
661.479 72.576 3
331.776 130.637 3
364.954 132.71 3
331.776 161.741 3
364.954 170.035 3
843.955 120.269 3
868.839 111.974 3
841.882 182.477 3
895.795 161.741 3
953.856 260.928 2
957.312 288.576 2
933.12 60.48 2
907.2 158.976 2
993.6 148.608 2
838.08 226.368 2
627.264 302.4 2
825.984 105.408 2
881.28 103.68 2
475.2 276.48 2
425.088 295.488 2
502.848 76.032 2
587.52 63.936 2
338.688 34.56 2
150.336 248.832 2
86.4 326.592 2
312.768 93.312 2
236.736 160.704 2
307.584 127.872 2
60.48 79.488 2
162.432 88.128 2
76.032 124.416 2
162.432 122.688 2
271.296 273.024 3
302.4 279.936 3
281.664 309.312 3
285.12 307.584 3
350.784 217.728 3
376.704 216 3
331.776 235.008 3
364.608 228.096 3
176.256 278.208 3
229.824 264.384 3
202.176 326.592 3
243.648 319.68 3
760.32 120.96 3
796.608 120.96 3
762.048 169.344 3
801.792 181.44 3
271.296 216 3
252.288 248.832 3
302.4 233.28 3
191.808 222.912 3
238.464 207.36 3
195.264 245.376 3
224.64 231.552 3
708.48 145.152 3
724.032 117.504 3
720.576 179.712 3
756.864 169.344 3
646.272 221.184 3
651.456 219.456 3
627.264 254.016 3
675.648 262.656 3
708.48 58.752 3
724.032 63.936 3
710.208 69.12 3
748.224 91.584 3
563.328 203.904 3
604.8 207.36 3
570.24 243.648 3
611.712 233.28 3
489.024 136.512 3
508.032 124.416 3
489.024 152.064 3
508.032 155.52 3
853.632 120.96 3
874.368 107.136 3
865.728 165.888 3
902.016 157.248 3
179.712 95.04 3
233.28 96.768 3
127.872 302.4 3
157.248 264.384 3
148.608 333.504 3
701.568 203.904 3
730.944 191.808 3
701.568 240.192 3
737.856 233.28 3
637.632 122.688 3
667.008 112.32 3
642.816 174.528 3
673.92 174.528 3
673.92 57.024 3
616.896 81.216 3
661.824 72.576 3
335.232 283.392 3
359.424 279.936 3
378.432 335.232 3
340.416 138.24 3
364.608 133.056 3
331.776 160.704 3
364.608 171.072 3
763.776 186.624 3
801.792 188.352 3
793.152 231.552 3
798.336 231.552 3
487.296 202.176 3
508.032 200.448 3
473.472 241.92 3
532.224 254.016 3
406.08 120.96 3
454.464 117.504 3
406.08 157.248 3
438.912 160.704 3
76.032 219.456 3
63.936 247.104 3
72.576 257.472 3
571.968 122.688 3
603.072 120.96 3
544.32 174.528 3
609.984 158.976 3
418.176 50.112 3
438.912 36.288 3
464.832 69.12 3
423.36 212.544 3
449.28 207.36 3
447.552 243.648 3
556.416 293.76 3
575.424 283.392 3
539.136 304.128 3
954.72 260.64 2
963.36 322.56 2
995.04 148.32 2
838.08 226.08 2
627.84 302.4 2
907.2 87.84 2
336.96 34.56 2
87.84 325.44 2
286.56 95.04 2
161.28 87.84 2
161.28 122.4 2
257.76 273.6 3
303.84 280.8 3
263.52 313.92 3
285.12 312.48 3
191.52 223.2 3
237.6 208.8 3
197.28 244.8 3
230.4 240.48 3
721.44 123.84 3
756 110.88 3
696.96 184.32 3
757.44 167.04 3
349.92 218.88 3
377.28 216 3
347.04 227.52 3
361.44 228.96 3
175.68 277.92 3
228.96 283.68 3
203.04 326.88 3
241.92 321.12 3
786.24 125.28 3
797.76 119.52 3
763.2 171.36 3
802.08 181.44 3
708.48 59.04 3
724.32 59.04 3
705.6 66.24 3
753.12 100.8 3
648 220.32 3
650.88 220.32 3
629.28 253.44 3
653.76 244.8 3
266.4 210.24 3
272.16 246.24 3
302.4 233.28 3
637.92 122.4 3
666.72 112.32 3
640.8 180 3
673.92 177.12 3
564.48 203.04 3
604.8 207.36 3
568.8 244.8 3
612 233.28 3
673.92 56.16 3
617.76 80.64 3
668.16 99.36 3
853.92 120.96 3
875.52 106.56 3
865.44 167.04 3
907.2 159.84 3
488.16 136.8 3
508.32 123.84 3
489.6 152.64 3
508.32 146.88 3
341.28 138.24 3
364.32 133.92 3
331.2 159.84 3
365.76 172.8 3
97.92 280.8 3
149.76 276.48 3
97.92 331.2 3
148.32 334.08 3
74.88 220.32 3
48.96 247.68 3
72 257.76 3
702.72 204.48 3
758.88 187.2 3
686.88 249.12 3
339.84 280.8 3
354.24 272.16 3
378.72 335.52 3
545.76 300.96 3
603.36 267.84 3
571.68 308.16 3
766.08 195.84 3
802.08 188.64 3
793.44 231.84 3
799.2 231.84 3
423.36 213.12 3
449.28 205.92 3
408.96 234.72 3
447.84 243.36 3
573.12 122.4 3
603.36 120.96 3
544.32 174.24 3
601.92 177.12 3
406.08 120.96 3
455.04 118.08 3
406.08 156.96 3
439.2 174.24 3
103.68 241.92 3
149.76 249.12 3
499.68 204.48 3
508.32 201.6 3
473.76 243.36 3
531.36 254.88 3
178.56 93.6 3
239.04 74.88 3
180 105.12 3
234.72 128.16 3
236.16 159.84 3
547.2 47.52 3
596.16 53.28 3
541.44 95.04 3
587.52 64.8 3
267.84 131.04 3
308.16 126.72 3
264.96 161.28 3
311.04 161.28 3
475.2 277.92 3
537.12 305.28 3
537.12 313.92 3
931.68 61.92 3
948.96 33.12 3
910.08 74.88 3
421.92 28.8 3
439.2 36 3
426.24 64.8 3
462.24 67.68 3
470.88 54.72 3
465.12 69.12 3
502.56 76.32 3
937.44 105.12 3
944.64 116.64 3
908.64 158.4 3
976.32 156.96 3
426.24 295.2 3
453.6 276.48 3
426.24 311.04 3
452.16 312.48 3
44.64 59.04 3
90.72 34.56 3
60.48 80.64 3
76.8 162 2
160.8 122.4 2
723.6 118.8 3
758.4 111.6 3
697.2 168 3
760.8 164.4 3
175.2 278.4 3
228 280.8 3
202.8 326.4 3
223.2 325.2 3
782.4 126 3
813.6 121.2 3
794.4 183.6 3
804 181.2 3
201.6 225.6 3
217.2 222 3
198 244.8 3
232.8 250.8 3
258 272.4 3
303.6 280.8 3
262.8 314.4 3
285.6 312 3
638.4 122.4 3
656.4 112.8 3
649.2 175.2 3
667.2 177.6 3
350.4 217.2 3
367.2 224.4 3
362.4 228 3
565.2 201.6 3
582 202.8 3
562.8 244.8 3
606 228 3
631.2 224.4 3
654 216 3
630 253.2 3
654 244.8 3
709.2 58.8 3
726 58.8 3
711.6 68.4 3
751.2 99.6 3
267.6 210 3
308.4 225.6 3
242.4 237.6 3
303.6 266.4 3
674.4 54 3
618 80.4 3
669.6 99.6 3
704.4 204 3
759.6 187.2 3
688.8 248.4 3
736.8 235.2 3
849.6 122.4 3
874.8 105.6 3
843.6 146.4 3
907.2 159.6 3
342 138 3
364.8 133.2 3
349.2 163.2 3
366 172.8 3
488.4 136.8 3
507.6 123.6 3
489.6 154.8 3
504 183.6 3
97.2 280.8 3
150 290.4 3
98.4 324 3
148.8 333.6 3
573.6 138 3
604.8 120 3
541.2 174 3
602.4 177.6 3
500.4 205.2 3
508.8 201.6 3
474 243.6 3
531.6 254.4 3
423.6 212.4 3
450 206.4 3
409.2 234 3
448.8 243.6 3
318 285.6 3
355.2 272.4 3
339.6 334.8 3
380.4 334.8 3
474 303.6 3
531.6 290.4 3
476.4 319.2 3
535.2 314.4 3
540 303.6 3
576 283.2 3
541.2 310.8 3
75.6 220.8 3
49.2 247.2 3
66 246 3
764.4 186 3
805.2 187.2 3
794.4 231.6 3
799.2 231.6 3
405.6 121.2 3
454.8 117.6 3
405.6 157.2 3
439.2 174 3
422.4 28.8 3
439.2 34.8 3
391.2 94.8 3
462 67.2 3
547.2 48 3
590.4 48 3
542.4 94.8 3
588 64.8 3
930 58.8 3
950.4 32.4 3
932.4 62.4 3
180 93.6 3
238.8 74.4 3
97.2 259.2 3
160.8 250.8 3
268.8 130.8 3
308.4 127.2 3
265.2 160.8 3
315.6 144 3
180 105.6 3
229.2 123.6 3
194.4 178.8 3
236.4 159.6 3
472.8 55.2 3
523.2 22.8 3
465.6 69.6 3
504 76.8 3
408 301.2 3
427.2 294 3
417.6 310.8 3
427.2 310.8 3
932.4 105.6 3
942 165.6 3
976.8 157.2 3
348 24 3
370.8 33.6 3
316.8 92.4 3
268.8 27.6 3
304.8 22.8 3
286.8 94.8 3
45.6 58.8 3
92.4 32.4 3
60 81.6 3
838.8 225.6 3
841.2 226.8 3
628.8 302.4 3
661.2 285.6 3
39.6 296.4 3
57.6 280.8 3
87.6 325.2 3
994.8 139.2 3
996 147.6 3
100.8 30 3
110.4 72 3
162 87.6 3
890.4 91.2 3
958.8 288 3
964.8 322.8 3
982.8 219.6 3
981.6 226.8 3
331.2 231.6 4
348 226.8 4
321.6 252 4
336 261.6 4
161 122 2
724 118 3
696 177 3
638 122 3
647 175 3
657 174 3
704 57 3
739 20 3
710 59 3
348 226 3
368 225 3
362 228 3
786 127 3
813 121 3
803 181 3
565 202 3
591 190 3
563 247 3
603 234 3
188 224 3
223 226 3
224 240 3
634 197 3
630 253 3
654 245 3
248 273 3
262 315 3
287 312 3
177 292 3
231 271 3
180 323 3
222 325 3
646 24 3
682 53 3
618 81 3
256 210 3
305 227 3
266 267 3
304 232 3
488 137 3
509 123 3
490 155 3
504 184 3
400 218 3
438 209 3
410 234 3
460 242 3
705 205 3
731 193 3
693 249 3
543 101 3
594 121 3
541 175 3
602 178 3
500 206 3
509 202 3
474 244 3
531 256 3
478 274 3
538 305 3
473 323 3
535 315 3
859 120 3
875 105 3
843 147 3
907 160 3
341 138 3
365 133 3
349 164 3
361 167 3
341 281 3
355 272 3
319 338 3
375 332 3
98 281 3
150 276 3
98 324 3
149 337 3
41 186 3
69 220 3
51 247 3
75 259 3
546 301 3
576 284 3
767 189 3
805 188 3
789 234 3
800 233 3
101 249 3
161 251 3
269 131 3
308 127 3
266 161 3
310 167 3
349 25 3
372 35 3
317 93 3
358 60 3
407 122 3
455 118 3
406 157 3
440 159 3
546 47 3
597 51 3
543 95 3
588 66 3
926 57 3
950 32 3
931 59 3
423 28 3
439 35 3
418 62 3
461 68 3
179 46 3
233 22 3
181 94 3
239 77 3
939 105 3
912 157 3
984 155 3
188 121 3
229 124 3
195 148 3
236 160 3
424 300 3
427 295 3
416 312 3
452 312 3
40 284 3
86 284 3
46 347 3
88 325 3
472 55 3
519 28 3
466 70 3
503 77 3
240 19 3
310 26 3
240 74 3
287 95 3
40 50 3
90 37 3
46 59 3
61 82 3
994 139 3
996 151 3
101 30 3
146 29 3
110 72 3
161 87 3
840 227 3
853 229 3
627 303 3
660 285 3
77 126 3
42 147 3
77 163 3
911 74 3
992 221 3
959 289 3
965 325 3
980 221 3
981 228 3
331 232 4
336 240 4
330 250 4
336 262 4
737 163 4
759 159 4
740 179 4
761 164 4
743 108 4
759 111 4
736 122 4
745 133 4
666 71 4
678 66 4
669 100 4
685 89 4
657 113 4
671 113 4
667 124 4
673 126 4
294 270 4
304 282 4
281 310 4
296 296 4
169 238 4
198 245 4
178 251 4
192 258 4
651 194 4
682 186 4
652 221 4
684 224 4
730 68 4
731 91 4
751 100 4
763 151 4
789 160 4
768 176 4
794 184 4
