211.408 283.071 3
229.324 326.07 3
283.071 290.238 3
476.563 243.656 3
541.06 247.24 3
458.647 308.154 3
541.06 293.821 3
426.399 240.073 3
351.152 326.07 3
397.733 300.987 3
75.2468 243.656 3
125.411 250.823 3
118.245 326.07 3
139.744 329.653 3
68.0805 365.485 3
161.243 351.152 3
68.0805 397.733 3
179.159 408.483 3
197.075 333.236 3
308.154 343.985 3
211.408 383.4 3
293.821 404.9 3
139.744 175.576 3
89.5795 229.324 3
175.576 218.574 3
326.07 100.329 3
394.15 100.329 3
383.4 118.245 3
408.483 121.828 3
508.812 150.494 3
562.56 164.826 3
501.645 232.907 3
383.4 157.66 3
440.731 186.325 3
365.485 225.74 3
408.483 232.907 3
512.395 93.1627 3
523.145 93.1627 3
490.896 111.079 3
523.145 107.495 3
211.408 68.0805 3
279.488 85.9964 3
236.49 136.161 3
318.903 114.662 3
458.647 361.901 3
71.6636 68.0805 3
186.325 75.2468 3
68.0805 103.912 3
351.152 336.819 3
415.649 369.068 3
412.066 401.316 3
214.991 164.826 3
297.404 232.907 3
351.152 247.24 4
379.817 243.656 4
354.735 279.488 4
372.651 283.071 4
286.655 240.073 4
308.154 247.24 4
268.739 283.071 4
308.154 265.155 4
214.991 161.243 3
185.131 232.907 3
274.711 223.949 3
137.355 176.173 3
62.7057 214.991 3
134.369 226.935 3
209.019 68.6776 3
280.683 86.5936 3
235.893 137.355 3
316.514 113.467 3
68.6776 65.6917 3
128.397 56.7337 3
65.6917 104.509 3
507.617 152.285 3
561.365 167.215 3
507.617 238.879 3
567.337 217.977 3
385.192 158.257 3
441.926 167.215 3
364.29 226.935 3
424.01 238.879 3
510.603 92.5655 3
534.491 71.6636 3
507.617 101.523 3
534.491 98.5375 3
325.472 95.5515 3
412.066 95.5515 3
385.192 119.439 3
388.178 119.439 3
188.117 343.388 3
304.57 346.374 3
226.935 406.094 3
289.641 406.094 3
59.7197 358.318 3
161.243 355.332 3
68.6776 400.122 3
179.159 409.08 3
212.005 286.655 3
226.935 328.458 3
71.6636 241.865 3
56.7337 310.542 3
119.439 328.458 3
462.828 379.22 3
459.842 406.094 3
352.346 340.402 3
453.87 367.276 3
385.192 397.136 3
435.954 412.066 3
579.281 241.865 3
468.8 313.528 3
558.379 289.641 3
409.08 283.669 3
352.346 325.472 3
397.136 301.584 3
349.36 247.837 4
376.234 244.851 4
352.346 277.697 4
361.304 286.655 4
122.425 250.823 4
167.215 247.837 4
164.229 286.655 4
474.772 244.851 4
513.589 250.823 4
459.842 271.725 4
495.673 286.655 4
283.669 244.851 4
289.641 262.767 4
283.669 286.655 4
316.514 268.739 4
262.767 304.57 4
295.612 298.598 4
253.809 322.486 4
286.655 313.528 4
216.484 159.253 3
253.809 141.834 3
184.136 223.949 3
273.715 223.949 3
139.346 176.671 3
64.6963 213.996 3
179.159 218.972 3
206.531 69.673 3
283.669 84.6029 3
233.902 136.858 3
253.809 136.858 3
69.673 64.6963 3
131.881 47.2781 3
69.673 102.021 3
510.106 151.788 3
562.36 166.717 3
500.152 233.902 3
567.337 218.972 3
385.69 156.764 3
455.363 154.276 3
363.295 226.437 3
405.596 238.879 3
517.571 74.6496 3
537.477 72.1613 3
510.106 92.0679 3
532.501 99.5328 3
385.69 119.439 3
420.526 134.369 3
211.507 378.225 3
306.063 345.877 3
226.437 405.596 3
288.645 408.085 3
59.7197 358.318 3
69.673 400.62 3
116.951 393.155 3
194.089 335.923 3
47.2781 303.575 3
151.788 325.97 3
462.828 378.225 3
559.872 365.783 3
460.339 405.596 3
353.341 340.9 3
455.363 368.271 3
457.851 418.038 3
470.293 313.528 3
574.802 291.133 3
343.388 325.97 3
457.851 308.552 3
348.365 248.832 4
375.736 246.344 4
350.853 278.692 4
360.806 288.645 4
124.416 248.832 4
166.717 248.832 4
111.974 276.204 4
166.717 283.669 4
475.269 248.832 4
527.524 248.832 4
460.339 271.227 4
495.176 288.645 4
283.669 246.344 4
293.622 263.762 4
278.692 283.669 4
306.063 278.692 4
537.477 248.832 4
579.779 241.367 4
557.384 288.645 4
587.244 288.645 4
281.18 291.133 4
286.157 313.528 4
273.715 316.017 4
303.575 318.505 4
191.601 248.832 4
228.925 256.297 4
213.996 288.645 4
248.832 273.715 4
413.061 243.855 4
425.503 241.367 4
408.085 283.669 4
452.874 288.645 4
136.858 360.806 4
161.741 355.83 4
114.463 373.248 4
146.811 385.69 4
72.1613 241.367 4
106.998 248.832 4
47.2781 273.715 4
104.509 281.18 4
252.979 136.858 3
180.403 217.728 3
273.715 221.875 3
138.931 178.33 3
211.507 64.2816 3
257.126 76.7232 3
223.949 97.4592 3
319.334 124.416 3
68.4288 66.3552 3
132.71 41.472 3
68.4288 103.68 3
116.122 124.416 3
510.106 151.373 3
564.019 165.888 3
499.738 234.317 3
570.24 217.728 3
389.837 157.594 3
454.118 153.446 3
362.88 226.022 3
408.499 238.464 3
518.4 76.7232 3
551.578 66.3552 3
512.179 91.2384 3
420.941 134.784 3
213.581 377.395 3
304.819 346.291 3
228.096 406.426 3
288.23 408.499 3
60.1344 356.659 3
70.5024 400.205 3
114.048 420.941 3
78.7968 329.702 3
464.486 377.395 3
561.946 364.954 3
371.174 373.248 3
456.192 367.027 3
462.413 404.352 3
472.781 313.114 3
539.136 294.451 3
348.365 246.758 4
375.322 246.758 4
352.512 277.862 4
360.806 277.862 4
271.642 250.906 4
306.893 265.421 4
279.936 282.01 4
286.157 284.083 4
122.342 248.832 4
176.256 261.274 4
111.974 275.789 4
165.888 282.01 4
564.019 250.906 4
580.608 240.538 4
559.872 288.23 4
576.461 290.304 4
476.928 248.832 4
508.032 240.538 4
495.59 288.23 4
524.621 269.568 4
250.906 304.819 4
298.598 302.746 4
263.347 323.482 4
290.304 323.482 4
190.771 250.906 4
228.096 257.126 4
213.581 286.157 4
248.832 273.715 4
116.122 317.261 4
167.962 317.261 4
120.269 327.629 4
153.446 323.482 4
49.7664 242.611 4
72.576 240.538 4
45.6192 275.789 4
103.68 282.01 4
64.2816 213.581 4
43.5456 236.39 4
89.1648 236.39 4
124.416 367.027 4
161.741 356.659 4
114.048 373.248 4
149.299 385.69 4
398.131 300.672 4
462.413 308.966 4
462.413 319.334 4
427.162 240.538 4
458.266 255.053 4
410.573 288.23 4
460.339 269.568 4
196.992 294.451 4
228.096 308.966 4
194.918 335.923 4
226.022 329.702 4
136.858 226.022 4
165.888 230.17 4
325.555 95.3856 4
389.837 101.606 4
356.659 118.195 4
387.763 118.195 4
342.144 308.966 4
385.69 296.525 4
354.586 323.482 4
211.507 147.226 4
234.317 136.858 4
230.17 176.256 4
252.288 136.512 3
181.44 219.456 3
274.752 221.184 3
138.24 179.712 3
255.744 77.76 3
317.952 124.416 3
67.392 65.664 3
70.848 103.68 3
129.6 131.328 3
563.328 167.616 3
499.392 235.008 3
568.512 219.456 3
388.8 157.248 3
452.736 153.792 3
371.52 228.096 3
399.168 238.464 3
516.672 77.76 3
540.864 72.576 3
559.872 115.776 3
368.064 32.832 3
214.272 376.704 3
304.128 347.328 3
181.44 414.72 3
288.576 409.536 3
70.848 414.72 3
114.048 421.632 3
77.76 330.048 3
466.56 350.784 3
559.872 366.336 3
369.792 374.976 3
464.832 378.432 3
387.072 442.368 3
347.328 250.56 4
373.248 248.832 4
350.784 281.664 4
359.424 279.936 4
250.56 266.112 4
288.576 262.656 4
248.832 274.752 4
305.856 279.936 4
279.936 293.76 4
285.12 302.4 4
248.832 328.32 4
312.768 331.776 4
120.96 250.56 4
167.616 255.744 4
101.952 283.392 4
165.888 281.664 4
476.928 250.56 4
535.68 248.832 4
497.664 276.48 4
530.496 281.664 4
190.08 252.288 4
228.096 259.2 4
188.352 276.48 4
214.272 288.576 4
50.112 210.816 4
63.936 214.272 4
69.12 235.008 4
50.112 243.648 4
72.576 241.92 4
44.928 276.48 4
563.328 250.56 4
594.432 262.656 4
559.872 288.576 4
594.432 274.752 4
115.776 317.952 4
169.344 319.68 4
119.232 330.048 4
153.792 324.864 4
186.624 155.52 4
217.728 158.976 4
229.824 171.072 4
136.512 226.368 4
171.072 217.728 4
324.864 95.04 4
388.8 101.952 4
352.512 127.872 4
388.8 119.232 4
101.952 371.52 4
158.976 357.696 4
112.32 376.704 4
152.064 387.072 4
426.816 241.92 4
456.192 257.472 4
409.536 288.576 4
459.648 269.568 4
471.744 314.496 4
508.032 312.768 4
468.288 345.6 4
342.144 311.04 4
381.888 304.128 4
355.968 323.136 4
490.752 98.496 4
506.304 105.408 4
490.752 112.32 4
528.768 108.864 4
195.264 293.76 4
226.368 309.312 4
193.536 336.96 4
224.64 331.776 4
397.44 300.672 4
456.192 309.312 4
463.104 321.408 4
207.36 72.576 4
212.544 77.76 4
418.176 406.08 4
461.376 406.08 4
459.648 432 4
397.44 100.224 4
437.184 89.856 4
411.264 120.96 4
438.912 129.6 4
58.752 355.968 4
70.848 362.88 4
70.848 390.528 4
222.912 98.496 4
235.008 129.6 4
133.056 48.384 4
138.24 41.472 4
120.96 63.936 4
139.968 58.752 4
573.696 300.672 4
585.792 305.856 4
487.296 153.792 4
508.032 152.064 4
470.016 184.896 4
511.488 167.616 4
253.44 136.8 3
272.16 72 3
66.24 66.24 3
129.6 131.04 3
564.48 167.04 3
568.8 220.32 3
390.24 158.4 3
541.44 73.44 3
574.56 66.24 3
288 408.96 3
70.56 413.28 3
115.2 423.36 3
468 361.44 3
560.16 365.76 3
478.08 449.28 3
370.08 374.4 3
383.04 440.64 3
347.04 244.8 4
372.96 249.12 4
349.92 280.8 4
360 288 4
282.24 247.68 4
303.84 266.4 4
247.68 273.6 4
292.32 267.84 4
476.64 250.56 4
537.12 247.68 4
496.8 275.04 4
531.36 280.8 4
120.96 250.56 4
168.48 256.32 4
102.24 282.24 4
167.04 280.8 4
563.04 250.56 4
594.72 262.08 4
573.12 290.88 4
588.96 288 4
198.72 247.68 4
227.52 259.2 4
190.08 276.48 4
214.56 288 4
250.56 305.28 4
299.52 308.16 4
249.12 326.88 4
313.92 331.2 4
51.84 210.24 4
64.8 213.12 4
56.16 220.32 4
60.48 237.6 4
427.68 241.92 4
455.04 256.32 4
400.32 290.88 4
460.8 275.04 4
57.6 241.92 4
72 241.92 4
44.64 276.48 4
64.8 280.8 4
123.84 237.6 4
169.92 217.44 4
207.36 149.76 4
218.88 158.4 4
228.96 167.04 4
125.28 367.2 4
165.6 357.12 4
112.32 377.28 4
152.64 387.36 4
325.44 95.04 4
387.36 100.8 4
355.68 125.28 4
390.24 119.52 4
354.24 321.12 4
388.8 298.08 4
355.68 322.56 4
398.88 300.96 4
463.68 321.12 4
453.6 338.4 4
171.36 299.52 4
226.08 308.16 4
192.96 338.4 4
224.64 331.2 4
407.52 96.48 4
466.56 84.96 4
398.88 122.4 4
460.8 116.64 4
168.48 321.12 4
119.52 329.76 4
154.08 324 4
207.36 72 4
221.76 69.12 4
194.4 79.2 4
223.2 97.92 4
234.72 128.16 4
129.6 141.12 4
136.8 135.36 4
138.24 180 4
472.32 313.92 4
508.32 312.48 4
470.88 322.56 4
133.92 47.52 4
138.24 41.76 4
100.8 76.32 4
152.64 57.6 4
419.04 404.64 4
462.24 404.64 4
460.8 430.56 4
574.56 299.52 4
586.08 305.28 4
492.48 97.92 4
508.32 90.72 4
491.04 113.76 4
529.92 108 4
59.04 358.56 4
72 362.88 4
73.44 383.04 4
488.16 152.64 4
508.32 151.2 4
470.88 184.32 4
511.2 167.04 4
273.6 221.76 4
298.08 233.28 4
41.76 311.04 4
77.76 329.76 4
478.08 213.12 4
499.68 236.16 4
430.56 194.4 4
398.88 239.04 4
419.04 135.36 4
452.16 154.08 4
413.28 168.48 4
447.84 168.48 4
344.16 230.4 4
371.52 227.52 4
319.68 38.88 4
368.64 31.68 4
319.68 57.6 4
247.68 93.6 4
286.56 86.4 4
318.24 125.28 4
181.44 414.72 4
228.96 408.96 4
46.08 97.92 4
72 102.24 4
36 108 4
73.44 109.44 4
414.72 370.08 4
453.6 371.52 4
465.12 378.72 4
181.44 217.44 4
181.44 360 4
214.56 348.48 4
191.52 397.44 4
223.2 385.92 4
565.2 367.2 2
282 248.4 4
295.2 249.6 4
247.2 273.6 4
348 244.8 4
373.2 243.6 4
350.4 282 4
361.2 288 4
472.8 249.6 4
535.2 248.4 4
496.8 274.8 4
540 279.6 4
231.6 138 4
181.2 158.4 4
219.6 158.4 4
298.8 308.4 4
249.6 327.6 4
313.2 331.2 4
120 250.8 4
134.4 242.4 4
111.6 277.2 4
160.8 289.2 4
187.2 262.8 4
226.8 260.4 4
187.2 276 4
216 289.2 4
51.6 211.2 4
56.4 220.8 4
64.8 213.6 4
427.2 242.4 4
468 244.8 4
400.8 290.4 4
462 268.8 4
564 250.8 4
595.2 261.6 4
548.4 278.4 4
588 289.2 4
34.8 240 4
67.2 241.2 4
52.8 288 4
64.8 280.8 4
112.8 376.8 4
165.6 358.8 4
112.8 378 4
152.4 387.6 4
326.4 94.8 4
387.6 100.8 4
356.4 126 4
391.2 120 4
195.6 80.4 4
223.2 99.6 4
202.8 124.8 4
235.2 128.4 4
127.2 226.8 4
169.2 225.6 4
400.8 301.2 4
454.8 309.6 4
452.4 328.8 4
356.4 321.6 4
390 298.8 4
339.6 325.2 4
388.8 340.8 4
115.2 316.8 4
169.2 320.4 4
118.8 330 4
156 332.4 4
130.8 141.6 4
162 151.2 4
138 175.2 4
471.6 314.4 4
508.8 312 4
471.6 322.8 4
171.6 300 4
225.6 307.2 4
193.2 338.4 4
224.4 332.4 4
280.8 43.2 4
307.2 36 4
272.4 72 4
301.2 64.8 4
112.8 33.6 4
138 42 4
126 61.2 4
134.4 48 4
408 96 4
466.8 85.2 4
398.4 122.4 4
459.6 117.6 4
489.6 152.4 4
512.4 152.4 4
471.6 183.6 4
511.2 166.8 4
418.8 405.6 4
460.8 422.4 4
436.8 448.8 4
207.6 72 4
210 63.6 4
512.4 91.2 4
507.6 104.4 4
511.2 104.4 4
350.4 22.8 4
368.4 32.4 4
327.6 63.6 4
418.8 135.6 4
454.8 154.8 4
412.8 168 4
448.8 168 4
415.2 370.8 4
453.6 372 4
397.2 393.6 4
465.6 379.2 4
343.2 230.4 4
372 228 4
247.2 93.6 4
286.8 86.4 4
316.8 124.8 4
45.6 97.2 4
36 108 4
72 103.2 4
573.6 298.8 4
586.8 306 4
576 148.8 4
584.4 156 4
565.2 166.8 4
181.2 415.2 4
241.2 423.6 4
170.4 217.2 4
34.8 355.2 4
72 362.4 4
73.2 384 4
91.2 36 4
66 67.2 4
481.2 210 4
500.4 237.6 4
345.6 129.6 4
379.2 135.6 4
354 159.6 4
391.2 158.4 4
272.4 220.8 4
297.6 232.8 4
214.8 375.6 4
184.8 404.4 4
223.2 385.2 4
42 312 4
80.4 331.2 4
596.4 100.8 4
559.2 116.4 4
614.4 106.8 4
517.2 43.2 4
505.2 46.8 4
542.4 73.2 4
69.6 414 4
576 66 4
601.2 61.2 4
430.8 196.8 4
403.2 238.8 4
369.6 374.4 4
357.6 394.8 4
387.6 400.8 4
97.2 76.8 4
115.2 111.6 4
148.8 109.2 4
260.4 136.8 4
568.8 220.8 4
392.4 409.2 4
390 434.4 4
288 410.4 4
421.2 51.6 4
158.4 423.6 4
147.6 452.4 4
183.6 139.2 5
196.8 142.8 5
184.8 152.4 5
190.8 154.8 5
292.8 268.8 5
319.2 268.8 5
286.8 282 5
316.8 284.4 5
250.8 306 5
270 301.2 5
250.8 320.4 5
280.8 315.6 5
289 397 3
252 266 4
247 274 4
196 81 4
223 99 4
229 100 4
119 250 4
102 284 4
161 290 4
232 140 4
182 159 4
220 158 4
497 274 4
519 268 4
348 245 4
373 251 4
350 282 4
362 289 4
262 326 4
314 332 4
227 261 4
187 276 4
216 289 4
428 243 4
468 245 4
408 289 4
463 268 4
34 240 4
56 243 4
53 288 4
65 281 4
565 251 4
594 249 4
557 292 4
593 282 4
51 211 4
47 237 4
65 214 4
326 95 4
393 98 4
357 126 4
392 120 4
127 227 4
166 228 4
401 301 4
454 310 4
408 341 4
470 337 4
357 322 4
358 323 4
340 326 4
384 338 4
129 372 4
166 358 4
120 382 4
132 383 4
205 35 4
222 27 4
179 59 4
211 64 4
408 96 4
467 86 4
399 122 4
459 118 4
126 134 4
162 151 4
138 175 4
159 296 4
119 330 4
156 333 4
104 31 4
133 39 4
126 61 4
135 47 4
46 97 4
54 79 4
36 108 4
60 113 4
170 322 4
226 307 4
193 339 4
225 333 4
343 193 4
344 231 4
373 228 4
473 315 4
545 302 4
492 337 4
273 78 4
288 86 4
277 101 4
317 125 4
100 76 4
162 72 4
115 111 4
135 124 4
321 38 4
369 32 4
321 50 4
366 48 4
508 152 4
514 152 4
507 156 4
511 167 4
509 91 4
513 90 4
508 104 4
512 105 4
427 428 4
462 423 4
437 449 4
282 43 4
259 51 4
286 54 4
261 136 4
315 128 4
472 184 4
479 213 4
169 355 4
215 375 4
184 405 4
223 385 4
41 19 4
91 36 4
23 57 4
66 67 4
42 312 4
56 297 4
77 329 4
559 40 4
588 42 4
548 67 4
602 61 4
416 372 4
454 372 4
420 406 4
466 380 4
273 221 4
298 234 4
35 356 4
72 363 4
74 384 4
429 131 4
452 154 4
412 168 4
449 169 4
183 223 4
345 130 4
379 135 4
354 160 4
392 158 4
185 408 4
242 423 4
188 460 4
558 143 4
566 167 4
560 297 4
586 298 4
393 409 4
388 444 4
560 116 4
615 107 4
518 43 4
506 47 4
510 47 4
245 433 4
288 410 4
248 446 4
568 215 4
563 365 4
115 415 4
159 424 4
148 452 4
69 414 4
439 29 4
421 52 4
403 237 4
372 376 4
175 113 5
193 101 5
170 121 5
203 125 5
287 302 5
304 304 5
293 311 5
308 311 5
293 269 5
305 280 5
282 287 5
318 284 5
473 249 5
509 240 5
477 260 5
497 266 5
171 140 5
191 129 5
168 152 5
191 155 5
134 243 5
153 248 5
137 257 5
167 256 5
174 251 5
189 252 5
179 263 5
187 263 5
282 249 5
303 242 5
292 264 5
303 267 5
250 306 5
278 296 5
251 320 5
280 316 5
511 247 5
537 248 5
522 262 5
544 261 5
