175.576 379.817 2
204.241 171.993 3
318.903 154.077 3
311.737 200.658 3
154.077 189.909 3
114.662 204.241 3
132.578 200.658 3
136.161 118.245 3
562.56 182.742 3
354.735 175.576 3
444.315 182.742 3
440.731 204.241 3
537.477 75.2468 3
455.064 111.079 3
551.81 128.995 3
336.819 71.6636 3
358.318 125.411 3
394.15 107.495 3
218.574 308.154 3
275.905 315.32 3
154.077 283.071 3
71.6636 322.486 3
154.077 308.154 3
490.896 397.733 3
329.653 265.155 3
422.815 257.989 3
336.819 300.987 3
218.574 257.989 4
229.324 257.989 4
222.157 268.739 4
247.24 279.488 4
476.563 71.6636 4
455.064 96.7459 4
501.645 96.7459 4
322.486 211.408 4
379.817 214.991 4
326.07 232.907 4
376.234 229.324 4
462.23 150.494 4
494.479 171.993 4
465.814 182.742 4
487.313 186.325 4
480.146 207.825 4
501.645 204.241 4
480.146 222.157 4
498.062 229.324 4
458.647 243.656 4
501.645 247.24 4
472.98 268.739 4
498.062 268.739 4
283.071 240.073 4
318.903 240.073 4
272.322 275.905 4
308.154 283.071 4
523.145 240.073 4
537.477 283.071 4
526.728 207.825 4
558.976 207.825 4
526.728 222.157 4
555.393 218.574 4
194.089 385.192 2
206.033 191.103 3
310.542 185.131 3
238.879 238.879 3
310.542 203.047 3
56.7337 212.005 3
134.369 119.439 3
438.94 206.033 3
537.477 74.6496 3
337.416 74.6496 3
453.87 92.5655 3
453.87 113.467 3
176.173 382.206 3
155.271 418.038 3
217.977 307.556 3
152.285 283.669 3
486.715 421.024 3
543.449 241.865 3
328.458 262.767 3
424.01 259.781 3
337.416 304.57 3
459.842 152.285 4
501.645 155.271 4
462.828 182.145 4
513.589 182.145 4
322.486 214.991 4
376.234 206.033 4
325.472 229.921 4
373.248 223.949 4
217.977 256.795 4
244.851 250.823 4
203.047 268.739 4
244.851 280.683 4
480.743 209.019 4
501.645 206.033 4
474.772 223.949 4
513.589 235.893 4
534.491 209.019 4
576.295 212.005 4
552.407 220.963 4
561.365 217.977 4
319.5 152.285 4
352.346 176.173 4
364.29 191.103 4
555.393 101.523 4
576.295 101.523 4
552.407 128.397 4
570.323 128.397 4
110.481 304.57 4
62.7057 331.444 4
86.5936 316.514 4
486.715 110.481 4
501.645 98.5375 4
456.856 244.851 4
522.547 241.865 4
516.575 280.683 4
477.758 71.6636 4
462.828 74.6496 4
501.645 89.5795 4
265.753 304.57 4
274.711 316.514 4
134.369 295.612 4
152.285 307.556 4
137.355 316.514 4
152.285 313.528 4
531.505 158.257 4
573.309 161.243 4
558.379 185.131 4
444.912 182.145 4
373.248 113.467 4
358.318 125.411 4
271.725 241.865 4
316.514 256.795 4
253.809 280.683 4
307.556 283.669 4
206.531 87.0912 2
204.042 174.182 3
313.528 181.647 3
206.531 191.601 3
283.669 216.484 3
47.2781 213.996 3
114.463 204.042 3
106.998 89.5795 3
146.811 62.208 3
136.858 114.463 3
445.409 181.647 3
477.758 72.1613 3
539.966 74.6496 3
328.458 64.6963 3
457.851 74.6496 3
358.318 124.416 3
452.874 111.974 3
196.577 385.69 3
308.552 427.991 3
47.2781 368.271 3
179.159 383.201 3
154.276 418.038 3
248.832 323.482 3
273.715 318.505 3
151.788 283.669 3
151.788 308.552 3
522.547 353.341 3
542.454 373.248 3
505.129 420.526 3
589.732 393.155 3
335.923 375.736 3
400.62 363.295 3
335.923 418.038 3
415.549 390.666 3
537.477 281.18 3
328.458 263.762 3
338.412 303.575 3
549.919 206.531 4
587.244 199.066 4
552.407 221.461 4
577.29 231.414 4
323.482 213.996 4
375.736 204.042 4
328.458 231.414 4
378.225 228.925 4
211.507 261.274 4
231.414 253.809 4
204.042 268.739 4
243.855 281.18 4
460.339 151.788 4
502.641 156.764 4
462.828 181.647 4
495.176 169.206 4
492.687 199.066 4
502.641 206.531 4
475.269 223.949 4
527.524 221.461 4
485.222 258.785 4
525.036 243.855 4
472.781 271.227 4
495.176 268.739 4
557.384 102.021 4
574.802 104.509 4
552.407 126.904 4
569.825 126.904 4
320.993 151.788 4
350.853 179.159 4
385.69 184.136 4
281.18 241.367 4
318.505 241.367 4
253.809 281.18 4
308.552 283.669 4
99.5328 313.528 4
54.743 330.947 4
92.0679 316.017 4
440.433 206.531 4
455.363 218.972 4
537.477 159.253 4
574.802 161.741 4
559.872 186.624 4
574.802 189.112 4
487.711 109.486 4
502.641 99.5328 4
505.129 119.439 4
423.014 261.274 4
425.503 261.274 4
423.014 266.25 4
445.409 266.25 4
205.286 174.182 3
207.36 190.771 3
47.6928 213.581 3
114.048 203.213 3
286.157 39.3984 3
205.286 109.901 3
282.01 95.3856 3
87.0912 80.8704 3
145.152 53.9136 3
101.606 103.68 3
107.827 91.2384 3
474.854 70.5024 3
597.197 80.8704 3
329.702 64.2816 3
196.992 383.616 3
308.966 425.088 3
41.472 367.027 3
153.446 416.794 3
221.875 306.893 3
39.3984 269.568 3
153.446 284.083 3
547.43 358.733 3
505.958 418.867 3
445.824 360.806 3
404.352 437.53 3
539.136 282.01 3
501.811 321.408 3
537.062 292.378 3
327.629 261.274 3
337.997 302.746 3
493.517 199.066 4
501.811 205.286 4
474.854 221.875 4
510.106 217.728 4
551.578 213.581 4
588.902 199.066 4
553.651 221.875 4
578.534 230.17 4
211.507 261.274 4
244.685 255.053 4
207.36 267.494 4
244.685 282.01 4
325.555 213.581 4
375.322 203.213 4
329.702 230.17 4
379.469 217.728 4
439.603 205.286 4
456.192 219.802 4
495.59 155.52 4
503.885 155.52 4
487.296 178.33 4
516.326 182.477 4
497.664 244.685 4
526.694 242.611 4
476.928 269.568 4
522.547 267.494 4
559.872 101.606 4
576.461 103.68 4
553.651 124.416 4
574.387 126.49 4
539.136 157.594 4
597.197 151.373 4
559.872 186.624 4
597.197 170.035 4
282.01 240.538 4
317.261 240.538 4
255.053 279.936 4
311.04 282.01 4
136.858 292.378 4
151.373 308.966 4
136.858 321.408 4
391.91 109.901 4
358.733 122.342 4
93.312 315.187 4
51.84 331.776 4
78.7968 323.482 4
321.408 151.373 4
352.512 180.403 4
358.733 186.624 4
275.789 188.698 4
313.114 203.213 4
277.862 228.096 4
319.334 232.243 4
425.088 261.274 4
458.266 244.685 4
443.75 288.23 4
257.126 182.477 4
315.187 180.403 4
491.443 109.901 4
505.958 97.4592 4
526.694 111.974 4
406.426 39.3984 4
458.266 41.472 4
458.266 68.4288 4
462.413 97.4592 4
454.118 111.974 4
273.715 298.598 4
275.789 319.334 4
427.162 311.04 4
460.339 317.261 4
431.309 337.997 4
499.738 350.438 4
522.547 350.438 4
462.413 151.373 4
460.339 182.477 4
205.632 176.256 3
112.32 205.632 3
286.848 32.832 3
205.632 108.864 3
279.936 119.232 3
145.152 53.568 3
136.512 114.048 3
540.864 74.304 3
330.048 65.664 3
195.264 385.344 3
264.384 392.256 3
36.288 349.056 3
138.24 354.24 3
153.792 418.176 3
39.744 269.568 3
504.576 419.904 3
603.072 445.824 3
331.776 350.784 3
381.888 400.896 3
404.352 442.368 3
482.112 330.048 3
551.232 209.088 4
587.52 196.992 4
551.232 222.912 4
587.52 214.272 4
499.392 207.36 4
516.672 209.088 4
475.2 222.912 4
511.488 228.096 4
328.32 190.08 4
374.976 205.632 4
324.864 216 4
380.16 214.272 4
207.36 266.112 4
233.28 250.56 4
188.352 271.296 4
219.456 271.296 4
494.208 155.52 4
502.848 155.52 4
485.568 179.712 4
516.672 183.168 4
485.568 259.2 4
525.312 245.376 4
537.408 283.392 4
438.912 207.36 4
457.92 221.184 4
573.696 103.68 4
597.888 103.68 4
556.416 114.048 4
603.072 117.504 4
539.136 158.976 4
596.16 152.064 4
561.6 165.888 4
577.152 162.432 4
281.664 241.92 4
317.952 241.92 4
254.016 281.664 4
309.312 283.392 4
93.312 316.224 4
43.2 336.96 4
65.664 326.592 4
497.664 373.248 4
518.4 371.52 4
490.752 397.44 4
527.04 393.984 4
110.592 305.856 4
150.336 309.312 4
136.512 321.408 4
153.792 331.776 4
426.816 311.04 4
457.92 317.952 4
414.72 331.776 4
430.272 338.688 4
425.088 262.656 4
456.192 245.376 4
425.088 267.84 4
442.368 286.848 4
321.408 150.336 4
352.512 181.44 4
385.344 184.896 4
248.832 191.808 4
312.768 203.904 4
278.208 229.824 4
317.952 233.28 4
274.752 319.68 4
248.832 323.136 4
138.24 292.032 4
461.376 152.064 4
461.376 181.44 4
338.688 305.856 4
362.88 305.856 4
387.072 342.144 4
362.88 95.04 4
359.424 122.688 4
276.48 169.344 4
314.496 179.712 4
464.832 32.832 4
457.92 69.12 4
222.912 307.584 4
55.296 212.544 4
48.384 214.272 4
100.224 224.64 4
501.12 84.672 4
504.576 98.496 4
490.752 108.864 4
525.312 112.32 4
459.648 96.768 4
452.736 114.048 4
400.896 364.608 4
445.824 362.88 4
418.176 383.616 4
449.28 392.256 4
292.032 407.808 4
300.672 437.184 4
542.592 247.104 4
539.136 279.936 4
546.048 359.424 4
587.52 359.424 4
328.32 260.928 4
380.16 255.744 4
207.36 191.808 4
228.096 188.352 4
235.008 221.184 4
471.744 32.832 4
473.472 72.576 4
537.408 77.76 4
204.48 177.12 3
100.8 136.8 3
286.56 31.68 3
145.44 54.72 3
87.84 80.64 3
315.36 360 3
89.28 421.92 3
364.32 408.96 3
551.52 208.8 4
584.64 210.24 4
550.08 223.2 4
587.52 214.56 4
498.24 207.36 4
516.96 208.8 4
473.76 223.2 4
511.2 227.52 4
329.76 190.08 4
374.4 205.92 4
325.44 216 4
378.72 217.44 4
207.36 264.96 4
234.72 250.56 4
182.88 272.16 4
218.88 270.72 4
485.28 259.2 4
525.6 244.8 4
478.08 269.28 4
538.56 283.68 4
439.2 205.92 4
457.92 221.76 4
280.8 241.92 4
316.8 240.48 4
250.56 285.12 4
303.84 282.24 4
128.16 299.52 4
149.76 309.6 4
154.08 331.2 4
92.16 316.8 4
43.2 336.96 4
66.24 325.44 4
564.48 156.96 4
597.6 151.2 4
577.44 161.28 4
609.12 169.92 4
573.12 103.68 4
599.04 103.68 4
557.28 113.76 4
601.92 118.08 4
482.4 355.68 4
521.28 349.92 4
489.6 394.56 4
508.32 401.76 4
246.24 213.12 4
312.48 203.04 4
276.48 239.04 4
318.24 231.84 4
504 155.52 4
529.92 158.4 4
486.72 180 4
540 159.84 4
275.04 321.12 4
249.12 322.56 4
345.6 83.52 4
362.88 93.6 4
342.72 116.64 4
358.56 122.4 4
426.24 262.08 4
432 252 4
430.56 267.84 4
427.68 311.04 4
459.36 316.8 4
430.56 338.4 4
460.8 331.2 4
321.12 149.76 4
351.36 181.44 4
358.56 167.04 4
460.8 152.64 4
443.52 178.56 4
138.24 292.32 4
459.36 97.92 4
452.16 113.76 4
338.4 305.28 4
362.88 305.28 4
387.36 341.28 4
545.76 360 4
588.96 360 4
557.28 385.92 4
587.52 391.68 4
469.44 302.4 4
532.8 303.84 4
501.12 322.56 4
525.6 329.76 4
501.12 84.96 4
506.88 97.92 4
492.48 109.44 4
525.6 113.76 4
420.48 348.48 4
446.4 349.92 4
417.6 381.6 4
449.28 391.68 4
465.12 31.68 4
398.88 57.6 4
457.92 69.12 4
277.92 169.92 4
312.48 175.68 4
92.16 156.96 4
76.32 184.32 4
574.56 309.6 4
568.8 335.52 4
604.8 347.04 4
504 419.04 4
531.36 427.68 4
542.88 247.68 4
573.12 288 4
580.32 282.24 4
328.32 260.64 4
380.16 256.32 4
306.72 424.8 4
300.96 436.32 4
207.36 191.52 4
227.52 188.64 4
106.56 90.72 4
136.8 95.04 4
123.84 129.6 4
136.8 113.76 4
404.64 442.08 4
433.44 446.4 4
329.76 64.8 4
223.2 306.72 4
113.76 204.48 4
135.36 201.6 4
56.16 213.12 4
64.8 211.68 4
47.52 214.56 4
282.24 90.72 4
311.04 84.96 4
280.8 110.88 4
36 348.48 4
473.76 31.68 4
473.76 72 4
336.96 368.64 4
371.52 352.8 4
195.84 385.92 4
100.8 407.52 4
152.64 417.6 4
38.88 244.8 4
40.32 269.28 4
609.12 424.8 4
603.36 444.96 4
542.88 73.44 4
600.48 76.32 4
205.2 177.6 3
145.2 55.2 3
87.6 80.4 3
589.2 27.6 3
182.4 454.8 3
90 422.4 3
615.6 450 3
573.6 289.2 3
550.8 223.2 4
588 214.8 4
526.8 246 4
477.6 270 4
536.4 283.2 4
328.8 190.8 4
325.2 216 4
367.2 213.6 4
493.2 200.4 4
516 210 4
487.2 225.6 4
525.6 232.8 4
201.6 262.8 4
235.2 250.8 4
189.6 268.8 4
211.2 271.2 4
280.8 242.4 4
318 244.8 4
256.8 280.8 4
300 282 4
153.6 331.2 4
570 133.2 4
578.4 162 4
591.6 157.2 4
439.2 206.4 4
87.6 316.8 4
58.8 330 4
576 100.8 4
595.2 81.6 4
600 103.2 4
427.2 310.8 4
459.6 318 4
429.6 338.4 4
438 332.4 4
504 156 4
488.4 181.2 4
540 159.6 4
274.8 320.4 4
292.8 297.6 4
459.6 98.4 4
452.4 114 4
432 248.4 4
433.2 252 4
432 267.6 4
276 186 4
313.2 204 4
277.2 238.8 4
318 232.8 4
483.6 356.4 4
522 350.4 4
76.8 184.8 4
48 214.8 4
64.8 212.4 4
507.6 98.4 4
538.8 78 4
493.2 109.2 4
524.4 114 4
465.6 145.2 4
444 178.8 4
470.4 303.6 4
532.8 304.8 4
501.6 322.8 4
520.8 346.8 4
405.6 39.6 4
464.4 32.4 4
459.6 68.4 4
262.8 182.4 4
313.2 175.2 4
420 420 4
447.6 412.8 4
405.6 442.8 4
433.2 446.4 4
339.6 75.6 4
362.4 93.6 4
358.8 122.4 4
223.2 307.2 4
243.6 336 4
39.6 246 4
75.6 256.8 4
40.8 270 4
84 274.8 4
399.6 364.8 4
468 366 4
416.4 381.6 4
450 392.4 4
321.6 150 4
351.6 182.4 4
358.8 166.8 4
138 292.8 4
112.8 205.2 4
136.8 201.6 4
102 84 4
147.6 76.8 4
109.2 114 4
136.8 114 4
570 336 4
604.8 346.8 4
505.2 420 4
502.8 435.6 4
514.8 433.2 4
328.8 64.8 4
328.8 260.4 4
379.2 256.8 4
339.6 307.2 4
381.6 310.8 4
387.6 324 4
338.4 421.2 4
364.8 409.2 4
307.2 424.8 4
300 436.8 4
100.8 408 4
162 418.8 4
546 360 4
589.2 360 4
586.8 391.2 4
85.2 169.2 4
474 31.2 4
474 73.2 4
543.6 73.2 4
214.8 350.4 4
195.6 386.4 4
207.6 192 4
228 188.4 4
236.4 212.4 4
336 369.6 4
384 368.4 4
282 98.4 4
310.8 86.4 4
310.8 360 4
254.4 399.6 4
308.4 381.6 4
100.8 136.8 4
80.4 33.6 4
86.4 49.2 4
38.4 363.6 4
286.8 31.2 4
442.8 218.4 5
459.6 220.8 5
448.8 237.6 5
458.4 237.6 5
361.2 190.8 5
384 196.8 5
374.4 206.4 5
379.2 201.6 5
556.8 189.6 5
567.6 198 5
550.8 210 5
580.8 205.2 5
588 196.8 5
604.8 190.8 5
585.6 211.2 5
604.8 199.2 5
476.4 247.2 5
496.8 243.6 5
484.8 259.2 5
505.2 255.6 5
148.8 304.8 5
150 309.6 5
152.4 312 5
112.8 304.8 5
123.6 300 5
106.8 310.8 5
50.4 333.6 5
36 348 5
43.2 337.2 5
596.4 142.8 5
608.4 138 5
598.8 151.2 5
613.2 151.2 5
560.4 102 5
573.6 104.4 5
554.4 123.6 5
570 127.2 5
206 108 3
283 89 3
610 426 3
589 215 4
488 226 4
326 216 4
485 259 4
528 247 4
507 279 4
536 283 4
571 128 4
593 152 4
579 162 4
196 266 4
190 269 4
211 271 4
281 243 4
319 246 4
305 283 4
584 98 4
594 82 4
601 118 4
499 374 4
546 360 4
491 397 4
529 394 4
428 311 4
461 318 4
430 339 4
461 332 4
432 249 4
435 247 4
427 268 4
443 289 4
496 147 4
542 160 4
87 315 4
59 330 4
466 145 4
444 179 4
254 184 4
314 204 4
278 231 4
318 233 4
128 300 4
150 304 4
154 331 4
249 325 4
454 105 4
400 364 4
447 365 4
414 389 4
450 393 4
337 73 4
362 94 4
342 107 4
359 122 4
339 418 4
365 409 4
326 449 4
367 459 4
508 98 4
544 74 4
494 110 4
546 103 4
502 323 4
513 308 4
484 330 4
522 350 4
93 251 4
109 82 4
146 73 4
109 114 4
137 114 4
405 39 4
465 32 4
400 58 4
460 69 4
329 260 4
381 256 4
369 287 4
113 205 4
137 202 4
101 225 4
121 31 4
109 65 4
146 55 4
505 419 4
479 460 4
523 441 4
91 208 4
47 215 4
58 213 4
40 266 4
71 251 4
43 294 4
80 274 4
420 420 4
406 442 4
459 446 4
263 183 4
314 175 4
101 137 4
101 168 4
339 306 4
382 311 4
362 342 4
322 149 4
341 172 4
359 167 4
321 23 4
329 64 4
225 308 4
215 351 4
548 361 4
591 361 4
336 369 4
384 369 4
376 381 4
304 432 4
299 438 4
287 31 4
318 45 4
571 337 4
612 344 4
73 77 4
28 115 4
163 419 4
568 258 4
596 265 4
574 289 4
475 31 4
474 71 4
39 364 4
316 361 4
189 194 4
229 188 4
196 386 4
207 394 4
183 455 4
206 179 4
149 377 4
151 380 4
81 33 4
86 50 4
86 169 4
90 422 4
442 217 5
460 220 5
436 236 5
471 235 5
362 191 5
386 189 5
370 201 5
382 210 5
559 191 5
580 196 5
551 210 5
582 206 5
551 224 5
585 212 5
548 228 5
257 281 5
271 277 5
255 283 5
263 295 5
562 102 5
577 100 5
559 114 5
511 219 5
536 215 5
510 229 5
530 227 5
591 157 5
608 169 5
608 171 5
244 309 5
273 301 5
249 323 5
274 312 5
517 184 5
539 197 5
517 210 5
536 211 5
504 184 5
488 209 5
492 201 5
221 246 5
236 251 5
206 261 5
241 256 5
589 197 5
605 191 5
587 205 5
607 199 5
329 191 5
356 184 5
331 208 5
342 198 5
167 279 5
140 292 5
151 287 5
50 334 5
36 348 5
505 156 5
490 181 5
500 182 5
441 193 5
454 194 5
439 207 5
454 203 5
463 73 5
459 98 5
367 214 5
380 219 5
375 228 5
380 230 5
