1765358770242219902
1765358770274706349
1765358770308154513
1765358770341385891
1765358770374747209
1765358770408493112
1765358770441016690
1765358770474782549
1765358770508072588
1765358770541092759
1765358770574777122
1765358770608261013
1765358770641395579
1765358770674850503
1765358770708147633
1765358770741085481
1765358770774492207
1765358770807762129
1765358770841079448
1765358770874552720
1765358770907954517
1765358770941204852
1765358770975235838
1765358771007900040
1765358771041118356
1765358771074419548
1765358771108180594
1765358771141217313
1765358771174949637
1765358771208265743
1765358771241240969
1765358771274640680
1765358771308426969
1765358771341191707
1765358771374567806
1765358771408310901
1765358771441163266
1765358771474650193
1765358771508007815
1765358771541267492
1765358771574664350
1765358771608000521
1765358771641457643
1765358771674790741
1765358771708025775
1765358771741460195
1765358771774790556
1765358771808089046
1765358771841375678
1765358771874746788
1765358771908099576
1765358771941574650
1765358771974835143
1765358772008442563
1765358772041565082
1765358772074804244
1765358772108072082
1765358772141435946
1765358772174933458
1765358772208718163
1765358772241469393
1765358772274897993
1765358772308241460
1765358772341543645
1765358772375447064
1765358772408177317
1765358772441508189
1765358772474998218
1765358772508268712
1765358772541562556
1765358772575066820
1765358772608411086
1765358772641495933
1765358772675118613
1765358772708432163
1765358772741624925
1765358772775441409
1765358772808753169
1765358772841571674
1765358772875542925
1765358772908596358
1765358772941723464
1765358772975103673
1765358773008864306
1765358773041755832
1765358773075292726
1765358773109054534
1765358773141747854
1765358773175558797
1765358773208971021
1765358773242239193
1765358773275673734
1765358773309104239
1765358773342009465
1765358773375710328
1765358773408729107
1765358773441932200
1765358773475264989
1765358773508538503
1765358773541898096
1765358773575328152
1765358773608666918
1765358773641862844
1765358773675723106
1765358773708658064
1765358773741850956
1765358773775423725
1765358773808689987
1765358773841963954
1765358773875742321
1765358773908797641
1765358773941696702
1765358773975933765
1765358774008729304
1765358774041927695
1765358774075956750
1765358774109250928
1765358774141959005
1765358774175848265
1765358774209132038
1765358774241978902
1765358774275415562
1765358774309363830
1765358774342046177
1765358774375469545
1765358774408563857
1765358774442194932
1765358774475532987
1765358774508608599
1765358774542135447
1765358774575936442
1765358774609394248
1765358774642368185
1765358774676079509
1765358774709442811
1765358774742166449
1765358774776097961
1765358774809060662
1765358774842172052
1765358774875732374
1765358774908652318
1765358774942213190
1765358774976146015
1765358775008991675
1765358775042390236
1765358775076171249
1765358775108980922
1765358775142406215
1765358775176190086
1765358775209243052
1765358775242647990
1765358775275857062
1765358775308893726
1765358775342512305
1765358775375807759
1765358775409224947
1765358775442531262
1765358775476023415
1765358775509073060
1765358775542854935
1765358775576229519
1765358775609083541
1765358775642755556
1765358775676199270
1765358775709195751
1765358775742745851
1765358775775817480
1765358775809476494
1765358775842615080
1765358775876377942
1765358775909434082
1765358775942274800
1765358775976397227
1765358776009372594
1765358776042774159
1765358776075992217
1765358776109595264
1765358776142759384
1765358776176354319
1765358776209602912
1765358776242723161
1765358776275749075
1765358776309368461
1765358776342707553
1765358776376122548
1765358776409467898
1765358776442746269
1765358776476170416
1765358776509384938
1765358776542838491
1765358776576156866
1765358776609032335
1765358776643187852
1765358776676284049
1765358776709430137
1765358776742748236
1765358776776684677
1765358776809447230
1765358776843231281
1765358776876266840
1765358776909428104
1765358776943025529
1765358776976518776
1765358777009470404
1765358777043046668
1765358777076638411
1765358777109421045
1765358777143186570
1765358777176314933
1765358777209547610
1765358777242965763
1765358777276409227
1765358777309556664
1765358777343010306
1765358777376325011
1765358777409752448
1765358777443063378
1765358777476378182
1765358777509627724
1765358777543475892
1765358777576447213
1765358777609786868
1765358777643264667
1765358777676439626
1765358777709605418
1765358777743101479
1765358777776248393
1765358777809708710
1765358777843088390
1765358777876418412
1765358777909813030
1765358777943183835
1765358777976071698
1765358778009908751
1765358778043166318
1765358778076433334
1765358778110040015
1765358778143419066
1765358778176636390
1765358778210361437
1765358778243662425
1765358778276581937
1765358778309926324
1765358778343225398
1765358778376620860
1765358778409938198
1765358778443440995
1765358778476757091
1765358778510039486
1765358778543168274
1765358778577028487
1765358778610571386
1765358778643552803
1765358778676705421
1765358778710052295
1765358778744066674
1765358778776764685
1765358778810670278
1765358778843869657
1765358778876744859
1765358778910284689
1765358778943563545
1765358778976916628
1765358779010628324
1765358779043497261
1765358779076729493
1765358779110177530
1765358779143858027
1765358779176756355
1765358779210098130
1765358779243641221
1765358779276729763
1765358779310295447
1765358779343623196
1765358779376871584
1765358779410236078
1765358779443764666
1765358779476917056
1765358779510207665
1765358779543624109
1765358779576874247
1765358779610356732
1765358779643569701
1765358779677042841
1765358779710471361
1765358779743805658
1765358779777106872
1765358779810361377
1765358779843642824
1765358779876931604
1765358779910542647
1765358779943734482
1765358779977114847
1765358780010414883
1765358780043945781
1765358780077071718
1765358780110450066
1765358780143784836
1765358780177016776
1765358780210885089
1765358780243790517
1765358780277393995
1765358780311041334
1765358780344161830
1765358780377445943
1765358780410906800
1765358780444334998
1765358780477336956
1765358780510542678
1765358780543707506
1765358780577146770
1765358780610883442
1765358780644271079
1765358780677226419
1765358780710565577
1765358780744270506
1765358780777536428
1765358780810999661
1765358780844311300
1765358780877238560
1765358780910896865
1765358780943929501
1765358780977201211
1765358781010529379
1765358781044477770
1765358781077636581
1765358781110862066
1765358781144277893
1765358781177387413
1765358781210536155
1765358781244554314
1765358781277627589
1765358781311126383
1765358781344150855
1765358781377363049
1765358781411062094
1765358781444680391
1765358781477454858
1765358781510701396
1765358781544149777
1765358781577509782
1765358781610876189
1765358781644215091
1765358781677420203
1765358781711054334
1765358781744256306
1765358781777464345
1765358781810918135
1765358781844211138
1765358781877577566
1765358781910831836
1765358781944550711
1765358781977552287
1765358782011041823
1765358782044376844
1765358782077697452
1765358782111079115
1765358782144424692
1765358782177710098
1765358782211105537
1765358782244455779
1765358782277674667
1765358782311085147
1765358782344387513
1765358782377706587
1765358782411113702
1765358782444575331
1765358782477859124
1765358782511451753
1765358782544555229
1765358782577714151
1765358782611436608
1765358782644588473
1765358782678015197
1765358782711337248
1765358782744963725
1765358782777684991
1765358782811153628
1765358782845041119
1765358782877823159
1765358782911293630
1765358782944569209
1765358782977869533
1765358783011258438
1765358783045100607
1765358783077798688
1765358783111398047
1765358783144950347
1765358783178378387
1765358783211398912
1765358783244723305
1765358783278090200
1765358783311892870
1765358783344640223
1765358783378451931
1765358783411789586
1765358783445136027
1765358783478175804
1765358783511428913
1765358783545087925
1765358783578454168
1765358783611888156
1765358783644759123
1765358783678400072
1765358783711470552
1765358783744647116
1765358783778590782
1765358783811840789
1765358783845134478
1765358783878476135
1765358783911504300
1765358783945252787
1765358783978655770
1765358784011699100
1765358784045291489
1765358784078141218
1765358784111619933
1765358784145336913
1765358784178331775
1765358784211514334
1765358784245009291
1765358784278373837
1765358784311613282
1765358784345258546
1765358784378438055
1765358784411620641
1765358784445266007
1765358784478745711
1765358784511937156
1765358784545064303
1765358784578907489
1765358784612039489
1765358784645290155
1765358784678479161
1765358784711754924
1765358784744642459
1765358784778991323
1765358784811898614
1765358784845207869
1765358784878948448
1765358784912295371
1765358784945123217
1765358784978765766
1765358785012053646
1765358785045401238
1765358785078922284
1765358785111907864
1765358785145089197
1765358785178969300
1765358785211798584
1765358785245210393
1765358785278481100
1765358785312260881
1765358785345031561
1765358785378392916
1765358785412323113
1765358785445116946
1765358785478547400
1765358785511821065
1765358785545576696
1765358785578668567
1765358785612354587
1765358785645214973
1765358785679299644
1765358785712270210
1765358785745370323
1765358785779099155
1765358785812438779
1765358785845351101
1765358785878645373
1765358785912580895
1765358785945311903
1765358785978785765
1765358786012045364
1765358786045335186
1765358786078863932
1765358786112155059
1765358786145685445
1765358786178781213
1765358786212225917
1765358786245426312
1765358786278724447
1765358786312236145
1765358786345478928
1765358786379181463
1765358786412646711
1765358786445445138
1765358786478944601
1765358786512066686
1765358786545470615
1765358786579267857
1765358786612586840
1765358786645635882
1765358786679442972
1765358786712794276
1765358786745678947
1765358786779216700
1765358786812177294
1765358786845603375
1765358786878960673
1765358786912332983
1765358786945621923
1765358786979105107
1765358787012221433
1765358787045886900
1765358787078916946
1765358787112331728
1765358787145933425
1765358787179482362
1765358787212290256
1765358787245795668
1765358787279538839
1765358787312394322
1765358787345616851
1765358787379669648
1765358787412476468
1765358787445947022
1765358787479596291
1765358787512364131
1765358787546043627
1765358787579245550
1765358787613022512
1765358787645695037
1765358787679690417
1765358787712593403
1765358787745983741
1765358787779291262
1765358787812628487
1765358787845820803
1765358787879277607
1765358787912523182
1765358787946221614
1765358787979231484
1765358788012591533
1765358788046575648
1765358788079715954
1765358788112543911
1765358788146389075
1765358788179935290
1765358788212723539
1765358788246521568
1765358788279384167
1765358788313228985
1765358788346044398
1765358788379446891
1765358788412903011
1765358788446057373
1765358788479464897
1765358788512631953
1765358788546207349
1765358788579522484
1765358788612903031
1765358788646073408
1765358788679446178
1765358788713118801
1765358788746211196
1765358788779528210
1765358788812802728
1765358788846597669
1765358788879850127
1765358788912802184
1765358788946572406
1765358788980147617
1765358789012709577
1765358789046765577
1765358789080055162
1765358789113127161
1765358789146464231
1765358789179693199
1765358789213221978
1765358789246565401
1765358789279754574
1765358789313030491
1765358789346388254
1765358789379790603
1765358789412996453
1765358789446307589
1765358789479779381
1765358789512938562
1765358789546775044
1765358789579796964
1765358789613349497
1765358789646577137
1765358789680113303
1765358789713173177
1765358789747079693
1765358789779893576
1765358789813297222
1765358789846519765
1765358789879896164
1765358789913197781
1765358789946553416
1765358789979886092
1765358790013235691
1765358790046571994
1765358790079862899
1765358790113603478
1765358790146563791
1765358790179907313
1765358790213229088
1765358790246953021
1765358790279901206
1765358790313401704
1765358790346553541
1765358790380046920
1765358790413277434
1765358790446586243
1765358790479929052
1765358790513173154
1765358790546669454
1765358790580023126
1765358790613371303
1765358790646733709
1765358790680169749
1765358790713434529
1765358790746708652
1765358790780055971
1765358790813374868
1765358790846796680
1765358790880055903
1765358790913362772
1765358790946841739
1765358790980051633
1765358791013443003
1765358791046745772
1765358791080072059
1765358791113358503
1765358791146810276
1765358791180031903
1765358791213463911
1765358791246774069
1765358791280252012
1765358791313488348
1765358791346898803
1765358791380147853
1765358791413428837
1765358791447317418
1765358791480177614
1765358791513392372
1765358791546950419
1765358791580276807
1765358791613485613
1765358791646969458
1765358791680408848
1765358791713615384
1765358791746901639
1765358791780355684
1765358791813609377
1765358791847082245
1765358791880476841
1765358791913632001
1765358791947026849
1765358791980338029
1765358792013619137
1765358792047025699
1765358792080432023
1765358792113716973
1765358792147146794
1765358792180919821
1765358792213681089
1765358792247521481
1765358792280295583
1765358792313684088
1765358792347469445
1765358792380756601
1765358792413659490
1765358792447554132
1765358792480483395
1765358792513806427
1765358792547186411
1765358792580650266
1765358792613915388
1765358792647370860
1765358792680521372
1765358792713912977
1765358792747250524
1765358792780524863
1765358792814038843
1765358792847297440
1765358792880631971
1765358792913987740
1765358792947393261
1765358792980646641
1765358793014225799
1765358793047414630
1765358793080688297
1765358793114078086
1765358793147473319
1765358793180338791
1765358793214115140
1765358793247367108
1765358793281125493
1765358793314448374
1765358793347888511
1765358793380945110
1765358793414115446
1765358793447517672
1765358793480901255
1765358793514185497
1765358793547508012
1765358793580883728
1765358793614290214
1765358793647551587
1765358793680715383
1765358793714209812
1765358793747516767
1765358793780804817
1765358793814186666
1765358793847518299
1765358793880918825
1765358793914243110
1765358793947529334
1765358793981065285
1765358794014285999
1765358794047681041
1765358794080959670
1765358794114230011
1765358794147752166
1765358794180989688
1765358794214274805
1765358794247385485
1765358794281088491
1765358794314451851
1765358794347669981
1765358794381077720
1765358794414362998
1765358794447729163
1765358794481247537
1765358794514710244
1765358794547781609
1765358794580980413
1765358794614509254
1765358794647899180
1765358794681224025
1765358794714560912
1765358794747978552
1765358794781209623
1765358794814458688
1765358794847878637
1765358794881112978
1765358794914499663
1765358794947789663
1765358794981403147
1765358795014884573
1765358795047837887
1765358795081292312
1765358795114638455
1765358795148337078
1765358795181253427
1765358795214541261
1765358795248599152
1765358795281283386
1765358795314534060
1765358795347897188
1765358795381347753
1765358795414587935
1765358795448588057
1765358795481449301
1765358795514660228
1765358795548522050
1765358795581261086
1765358795614697025
1765358795648046636
1765358795681226431
1765358795715500379
1765358795748162207
1765358795781286611
1765358795815195480
1765358795848189535
1765358795881399252
1765358795914595653
1765358795948532219
1765358795981799860
1765358796015244779
1765358796048723486
1765358796081746125
1765358796115430760
1765358796148664666
1765358796181470561
1765358796215428617
1765358796248595964
1765358796281510966
1765358796315216830
1765358796348586694
1765358796381725768
1765358796415054858
1765358796448300367
1765358796481564206
1765358796514842281
1765358796548933907
1765358796581594344
1765358796614951778
1765358796648302576
1765358796681589861
1765358796715055588
1765358796748674000
1765358796781606583
1765358796815062500
1765358796847931523
1765358796881768560
1765358796914979721
1765358796948459691
1765358796981729919
1765358797015121629
1765358797048593262
1765358797081743321
1765358797115107891
1765358797149103161
1765358797181763194
1765358797215141986
1765358797248469931
1765358797281782296
1765358797315311159
1765358797348572806
1765358797381851429
1765358797415742455
1765358797449025522
1765358797481896705
1765358797515285152
1765358797548539868
1765358797582098113
1765358797615149123
1765358797648613033
1765358797682004111
1765358797715262021
1765358797748557031
1765358797781994837
1765358797815749447
1765358797849113059
1765358797882017938
1765358797915955749
1765358797949055313
1765358797981926099
1765358798015917492
1765358798048681861
1765358798082124233
1765358798115778320
1765358798149097355
1765358798182031282
1765358798215408353
1765358798249087751
1765358798282049593
1765358798315600164
1765358798348740580
1765358798382706385
1765358798415453966
1765358798448892027
1765358798482256863
1765358798515662096
1765358798548849790
1765358798582099955
1765358798615556587
1765358798649334901
1765358798682231346
1765358798715672762
1765358798749032039
1765358798781797644
1765358798815065958
1765358798848372894
1765358798882696278
1765358798916011231
1765358798949383753
1765358798982845092
1765358799016148913
1765358799049036003
1765358799082280452
1765358799115877588
1765358799149054595
1765358799182329809
1765358799215632706
1765358799249000352
1765358799282289781
1765358799316215927
1765358799348942961
1765358799382453076
1765358799415884686
1765358799449566573
1765358799482564668
1765358799516300699
1765358799549165922
1765358799582532541
1765358799616544086
1765358799649210801
1765358799682406029
1765358799716186130
1765358799749169643
1765358799782489630
1765358799816435403
1765358799849180125
1765358799882586523
1765358799916337917
1765358799949277118
1765358799982486062
1765358800016382341
1765358800049590526
1765358800082605889
1765358800116215952
1765358800149788281
1765358800182571494
1765358800216090070
1765358800249323238
1765358800282605205
1765358800316203422
1765358800349355640
1765358800382588643
1765358800416682651
1765358800449381006
1765358800482873794
1765358800516172822
1765358800549326894
1765358800582659820
1765358800616517860
1765358800649360046
1765358800682655808
1765358800716162349
1765358800749450492
1765358800782830331
1765358800816200194
1765358800849445221
1765358800882785011
1765358800916642872
1765358800949501075
1765358800982887396
1765358801016432136
1765358801049629606
1765358801083073796
1765358801116331230
1765358801149734932
1765358801182880748
1765358801216324726
1765358801249663624
1765358801282972332
1765358801316170195
1765358801349469972
1765358801382941839
1765358801416788833
1765358801449622603
1765358801483216017
1765358801516873596
1765358801549595290
1765358801583009154
1765358801616487602
1765358801649663948
1765358801683027712
1765358801716429792
1765358801749666486
1765358801783390254
1765358801816954549
1765358801849728910
1765358801883231476
1765358801916788429
1765358801949784961
1765358801983152270
1765358802016588670
1765358802049777157
1765358802083215385
1765358802116876031
1765358802149752005
1765358802183156913
1765358802216589944
1765358802249809183
1765358802283283158
1765358802316733282
1765358802350006544
1765358802383300145
1765358802416699743
1765358802450332019
1765358802483248230
1765358802516931778
1765358802550097168
1765358802583573789
1765358802616419127
1765358802649940205
1765358802683330155
1765358802716832311
1765358802749985524
1765358802783307690
1765358802817116161
1765358802849976510
1765358802883475148
1765358802916759143
1765358802950109251
1765358802983435630
1765358803016744646
1765358803050503355
1765358803083687627
1765358803116811788
1765358803150194080
1765358803183478984
1765358803216979115
1765358803249825429
1765358803283616489
1765358803316890592
1765358803350192224
1765358803383850219
1765358803417303999
1765358803450226950
1765358803483536044
1765358803517215451
1765358803550866967
1765358803583735111
1765358803617381554
1765358803650587623
1765358803683801713
1765358803717317060
1765358803750712399
1765358803784126937
1765358803817151217
1765358803850325658
1765358803884212926
1765358803917034817
1765358803950599880
1765358803983735661
1765358804017453698
1765358804050394399
1765358804083707496
1765358804117128285
1765358804150411758
1765358804183907545
1765358804217088001
1765358804250655048
1765358804283769201
1765358804317566418
1765358804350415822
1765358804383456493
1765358804417117812
1765358804450887300
1765358804483927345
1765358804517562633
1765358804550719488
1765358804583961673
1765358804617425680
1765358804650590448
1765358804683843528
1765358804717659268
1765358804750548834
1765358804784359462
1765358804817727476
1765358804851044892
1765358804884674068
1765358804917323377
1765358804950772580
1765358804984510304
1765358805017294782
1765358805051175689
1765358805084049763
1765358805117431913
1765358805150815347
1765358805184056415
1765358805217414004
1765358805250675725
1765358805284174657
1765358805317368642
1765358805350733813
1765358805384351040
1765358805417656030
1765358805451298937
1765358805484250227
1765358805517370521
1765358805551246027
1765358805584642728
1765358805617645799
1765358805651222921
1765358805684308085
1765358805717473127
1765358805750899944
1765358805784682505
1765358805817720035
1765358805850613648
1765358805884509974
1765358805917515963
1765358805951589897
1765358805984818116
1765358806017575963
1765358806051609566
1765358806084507357
1765358806117753874
1765358806151161899
1765358806184841693
1765358806217598498
1765358806251057502
1765358806284485101
1765358806317667028
1765358806351043626
1765358806384501217
1765358806417871210
1765358806451277023
1765358806484633621
1765358806517731061
1765358806551097174
1765358806584556695
1765358806617774562
1765358806651284618
1765358806684593091
1765358806717885512
1765358806751248955
1765358806784575083
1765358806817986388
1765358806851154098
1765358806884603428
1765358806918003760
1765358806951337519
1765358806984685242
1765358807018114641
1765358807051365919
1765358807084605823
1765358807118049509
1765358807151246591
1765358807184743439
1765358807218212193
1765358807251414299
1765358807284742226
1765358807318195111
1765358807351492272
1765358807384847606
1765358807418221253
1765358807451386155
1765358807484822615
1765358807518061312
1765358807551523277
1765358807584793645
1765358807618130444
1765358807651449184
1765358807684981284
1765358807718159186
1765358807751500450
1765358807785130128
1765358807818270008
1765358807851756348
1765358807884936899
1765358807918161593
1765358807951441296
1765358807985002401
1765358808018345622
1765358808051593834
1765358808085289440
1765358808118035039
1765358808151479522
1765358808184884761
1765358808218294484
1765358808251944084
1765358808285400944
1765358808318191466
1765358808351823771
1765358808385329633
1765358808418221026
1765358808452028851
1765358808485438451
1765358808518902049
1765358808552116564
1765358808585393776
1765358808618579873
1765358808651753304
1765358808685032854
1765358808718598252
1765358808751670151
1765358808785042998
1765358808818570405
1765358808852040492
1765358808885564986
1765358808918428140
1765358808951749434
1765358808985178726
1765358809018502499
1765358809051849421
1765358809084877047
1765358809118297401
1765358809152310560
1765358809185216414
1765358809218868717
1765358809251695598
1765358809285297377
1765358809318998340
1765358809351913704
1765358809385517474
1765358809419147095
1765358809451869832
1765358809485248765
1765358809518688351
1765358809552320127
1765358809585642846
1765358809618815442
1765358809651909788
1765358809685394674
1765358809719127986
1765358809752127660
1765358809785282092
1765358809818523918
1765358809852059158
1765358809885456596
1765358809918700620
1765358809952111624
1765358809985503341
1765358810019228370
1765358810052211339
1765358810085377300
1765358810119024949
1765358810152163427
1765358810185444367
1765358810218991004
1765358810252527246
1765358810285441066
1765358810319164659
1765358810352127525
1765358810385480071
1765358810419440638
1765358810452630791
1765358810485426813
1765358810519386100
1765358810552783743
1765358810585578185
1765358810618819296
1765358810652287358
1765358810685483591
1765358810719175521
1765358810752379961
1765358810785555882
1765358810819024868
1765358810852621660
1765358810886093704
1765358810918972138
1765358810953034917
1765358810985750670
1765358811018920001
1765358811052751473
1765358811085606714
1765358811119350446
1765358811152448002
1765358811185664489
1765358811219236997
1765358811252362007
1765358811285689255
1765358811319103322
1765358811352361867
1765358811385709257
1765358811419172529
1765358811452361374
1765358811485862034
1765358811519117651
1765358811552523655
1765358811585838798
1765358811619091969
1765358811652641130
1765358811685928066
1765358811719173074
1765358811752758140
1765358811785838820
1765358811819360739
1765358811852694537
1765358811885931038
1765358811919389276
1765358811952679202
1765358811986098879
1765358812019344889
1765358812052727694
1765358812085933208
1765358812119370946
1765358812152705334
1765358812186132468
1765358812219316139
1765358812252648040
1765358812286193828
1765358812319384396
1765358812352735728
1765358812386107443
1765358812419333043
1765358812452775827
1765358812486085946
1765358812519450806
1765358812552762800
1765358812586178732
1765358812619572793
1765358812652736989
1765358812686801146
1765358812719370820
1765358812752774046
1765358812786271278
1765358812819656708
1765358812852739218
1765358812886224342
1765358812919629064
1765358812952883162
1765358812986239284
1765358813019637798
1765358813052922481
1765358813086193733
1765358813119724969
1765358813152989144
1765358813186379700
1765358813219644755
1765358813252926629
1765358813286340421
1765358813319606585
1765358813352973942
1765358813386343746
1765358813419646591
1765358813452985971
1765358813486594010
1765358813519814491
1765358813553016601
1765358813586396745
1765358813619716698
1765358813652990164
1765358813686259462
1765358813719674777
1765358813753030640
1765358813786367202
1765358813819826634
1765358813853214741
1765358813886492177
1765358813919880937
1765358813953470464
1765358813986958965
1765358814019929267
1765358814053297562
1765358814086950410
1765358814119829821
1765358814153198490
1765358814186569786
1765358814220325628
1765358814253129914
1765358814287041040
1765358814320032755
1765358814353235879
1765358814386542440
1765358814420129338
1765358814453238664
1765358814486671345
1765358814519987771
1765358814553264493
1765358814586694005
1765358814620050694
1765358814653388815
1765358814686673998
1765358814720147826
1765358814753301694
1765358814786755038
1765358814820009509
1765358814853341241
1765358814886674116
1765358814920305249
1765358814953357354
1765358814986685515
1765358815020238957
1765358815053363150
1765358815087384234
1765358815120225040
1765358815153388711
1765358815186760643
1765358815220736401
1765358815253378619
1765358815287164585
1765358815320689783
1765358815353416368
1765358815386749663
1765358815420796231
1765358815453459330
1765358815486915679
1765358815520354249
1765358815553496715
1765358815587550731
1765358815620403171
1765358815653627012
1765358815687420009
1765358815720206168
1765358815753573076
1765358815786857233
1765358815820767929
1765358815853572819
1765358815886874481
1765358815920866110
1765358815953707917
1765358815987625896
1765358816020682940
1765358816053701690
1765358816087100856
1765358816120540129
1765358816153761348
1765358816187103773
1765358816220522439
1765358816253793213
1765358816287533413
1765358816320428191
1765358816353803059
1765358816387273416
1765358816420858316
1765358816454301040
1765358816487552533
1765358816520586445
1765358816553751353
1765358816587930940
1765358816621242172
1765358816653833604
1765358816688032064
1765358816720695894
1765358816753876103
1765358816787800690
1765358816821241635
1765358816853857709
1765358816887311352
1765358816921141181
1765358816953883849
1765358816987729862
1765358817020614860
1765358817053747069
1765358817087825129
1765358817121341838
1765358817154446484
1765358817187442208
1765358817220675741
1765358817254433649
1765358817287463797
1765358817321206752
1765358817354491145
1765358817387695704
1765358817420681746
1765358817454462942
1765358817487578435
1765358817520837250
1765358817554648240
1765358817587428164
1765358817621266348
1765358817654527581
1765358817687452607
1765358817720820517
1765358817754251433
1765358817788029502
1765358817821302371
1765358817854344746
1765358817887698394
1765358817920957605
1765358817954314727
1765358817987670618
1765358818021276289
1765358818054652732
1765358818088143600
1765358818120974825
1765358818154419466
1765358818187561338
1765358818221111011
1765358818254828065
1765358818287742314
1765358818321444046
1765358818354591353
1765358818387616618
1765358818421095705
1765358818454247817
1765358818487823908
1765358818521045324
1765358818554710666
1765358818587606762
1765358818621333091
1765358818654435362
1765358818687710363
1765358818721413323
1765358818754852126
1765358818787932236
1765358818821166440
1765358818854916444
1765358818887967916
1765358818921076700
1765358818954497953
1765358818988408028
1765358819021188057
1765358819054863808
1765358819087806433
1765358819121127042
1765358819154617440
1765358819187833811
1765358819221365349
1765358819254652682
1765358819288408314
1765358819321439278
1765358819354511231
1765358819388185691
1765358819421328223
1765358819454729071
1765358819488101255
1765358819521229181
1765358819554693827
1765358819587926998
1765358819621516593
1765358819654578616
1765358819688038407
1765358819721389072
1765358819755177872
1765358819788716879
1765358819821446098
1765358819855165292
1765358819888077159
1765358819921475733
1765358819954896469
1765358819988108806
1765358820021375350
1765358820055220648
1765358820088104016
1765358820121405237
1765358820154764237
1765358820188165782
1765358820221461458
1765358820255177843
1765358820288619695
1765358820321463327
1765358820355179690
1765358820388173671
1765358820421419388
1765358820454736935
1765358820488474446
1765358820521428543
1765358820554878299
1765358820588380613
1765358820621430992
1765358820655352992
1765358820688287310
1765358820721665243
1765358820755252275
1765358820788802040
1765358820821656140
1765358820854957287
1765358820888928718
1765358820921697240
1765358820955129723
1765358820988897259
1765358821021663490
1765358821055079823
1765358821088430808
1765358821121814772
1765358821155240018
1765358821188797788
1765358821221790416
1765358821255293597
1765358821288583330
1765358821321767878
1765358821355183028
1765358821388454459
1765358821421667278
1765358821455740889
1765358821489196403
1765358821521817206
1765358821555848531
1765358821589129264
1765358821621894670
1765358821655383056
1765358821688541418
1765358821721909764
1765358821755742039
1765358821789134501
1765358821821929841
1765358821855244090
1765358821888575506
1765358821921997856
1765358821955779450
1765358821989102809
1765358822022023773
1765358822055329615
1765358822089148309
1765358822122015449
1765358822155474773
1765358822189190803
1765358822222156271
1765358822256042708
1765358822288901728
1765358822322045343
1765358822355425845
1765358822388807579
1765358822422044961
1765358822456017548
1765358822489218784
1765358822522549226
1765358822555965680
1765358822589253475
1765358822622641911
1765358822655389650
1765358822689298815
1765358822722162545
1765358822755775027
1765358822788827606
1765358822822728829
1765358822855972268
1765358822889254018
1765358822922291665
1765358822956103106
1765358822989395606
1765358823022562852
1765358823056189279
1765358823089172647
1765358823122576017
1765358823155663428
1765358823189341637
1765358823222205276
1765358823256007037
1765358823288917813
1765358823322315889
1765358823356094358
1765358823389023461
1765358823422994633
1765358823456195626
1765358823489618700
1765358823522849532
1765358823556242783
1765358823589244498
1765358823622143959
1765358823656257229
1765358823689589058
1765358823723026643
1765358823756304343
1765358823789207488
1765358823822636670
1765358823855842559
1765358823889646081
1765358823922691997
1765358823956264112
1765358823989721761
1765358824022458968
1765358824056329978
1765358824089484211
1765358824122921493
1765358824155853360
1765358824189480547
1765358824222487964
1765358824256045779
1765358824289241700
1765358824322970205
1765358824355936608
1765358824389293845
1765358824422991146
1765358824456100124
1765358824489384759
1765358824523067903
1765358824556405861
1765358824589403056
1765358824623014860
1765358824656384705
1765358824689349695
1765358824723081092
1765358824756420303
1765358824789533185
1765358824822775067
1765358824855484142
1765358824888930605
1765358824922023510
1765358824956570346
1765358824989467006
1765358825023257599
1765358825056623818
1765358825089483192
1765358825123155443
1765358825156481193
1765358825189624607
1765358825222844110
1765358825256454021
1765358825289581706
1765358825323012840
1765358825356110752
1765358825389604645
1765358825422933444
1765358825456238340
1765358825489587179
1765358825523370129
1765358825556317163
1765358825589601084
1765358825622965654
1765358825656677883
1765358825689672179
1765358825722953242
1765358825756265931
1765358825789624271
1765358825823083118
1765358825856883077
1765358825889719853
1765358825923181873
1765358825956942307
1765358825989719470
1765358826023041435
1765358826056799026
1765358826090436320
1765358826123004778
1765358826156967815
1765358826190362759
1765358826223476172
1765358826256901381
1765358826290036234
1765358826323366693
1765358826356521500
1765358826390467876
1765358826423184791
1765358826456579795
1765358826490358360
1765358826523154188
1765358826556977185
1765358826590448975
1765358826623285707
1765358826656961507
1765358826690521846
1765358826723623608
1765358826757025651
1765358826790396145
1765358826823815613
1765358826857026512
1765358826890526446
1765358826923254348
1765358826956540315
1765358826990045209
1765358827023231281
1765358827057122980
1765358827090151555
1765358827123363037
1765358827157208389
1765358827190564775
1765358827223706973
1765358827256751592
1765358827290628453
1765358827323382427
1765358827356790178
1765358827390531029
1765358827423776505
1765358827457129358
1765358827490702865
1765358827523822560
1765358827556799987
1765358827590647010
1765358827623910366
1765358827656810596
1765358827690595429
1765358827723616711
1765358827757033350
1765358827790237565
1765358827823717422
1765358827856974447
1765358827890952626
