1765358955992572882
1765358956025863540
1765358956059263692
1765358956092364810
1765358956125319969
1765358956159402903
1765358956192164006
1765358956225591314
1765358956258857716
1765358956292361629
1765358956325404037
1765358956359009162
1765358956392066068
1765358956425404018
1765358956459171730
1765358956492428030
1765358956525328204
1765358956558756977
1765358956592345405
1765358956625394394
1765358956658729952
1765358956692016240
1765358956725359163
1765358956759269575
1765358956792104196
1765358956825447088
1765358956859023893
1765358956891938686
1765358956925945568
1765358956959331286
1765358956992282371
1765358957025566029
1765358957059121809
1765358957092656034
1765358957125484075
1765358957159464699
1765358957192669105
1765358957225546567
1765358957259020767
1765358957292290038
1765358957325829329
1765358957359399327
1765358957392684616
1765358957425737463
1765358957459546618
1765358957492340398
1765358957525757359
1765358957559066825
1765358957592935438
1765358957625685427
1765358957659593324
1765358957692864502
1765358957725892244
1765358957759699498
1765358957793025656
1765358957825887893
1765358957859741315
1765358957893040930
1765358957925855062
1765358957959141569
1765358957992705615
1765358958026440423
1765358958059555603
1765358958093291090
1765358958125928793
1765358958159209094
1765358958192961677
1765358958225953129
1765358958259672027
1765358958292646435
1765358958326092366
1765358958359247079
1765358958392673959
1765358958426509169
1765358958459438973
1765358958493083544
1765358958525956443
1765358958559736990
1765358958593306385
1765358958625944374
1765358958659680970
1765358958693143625
1765358958726632736
1765358958759912516
1765358958792855720
1765358958826167819
1765358958859715891
1765358958893426295
1765358958926391740
1765358958959360858
1765358958993339148
1765358959026203963
1765358959059551382
1765358959093107958
1765358959126543041
1765358959159886710
1765358959193223382
1765358959226261704
1765358959259355383
1765358959293362935
1765358959326223239
1765358959359242413
1765358959392970548
1765358959426171659
1765358959459872406
1765358959493127965
1765358959526640375
1765358959559951773
1765358959593112617
1765358959626170496
1765358959660077951
1765358959693029105
1765358959726770481
1765358959760042065
1765358959792926887
1765358959826538093
1765358959859822465
1765358959893201197
1765358959926354424
1765358959959682207
1765358959993207653
1765358960026488393
1765358960059829989
1765358960093166904
1765358960126498909
1765358960159787568
1765358960193241654
1765358960226603601
1765358960259875447
1765358960293593008
1765358960326940451
1765358960359846541
1765358960393161347
1765358960427057359
1765358960459965688
1765358960493186461
1765358960526924957
1765358960560369130
1765358960593230825
1765358960626680692
1765358960660401614
1765358960693313470
1765358960726746987
1765358960759932398
1765358960793211550
1765358960826720126
1765358960859950019
1765358960893349988
1765358960927059754
1765358960960122629
1765358960993273629
1765358961026810305
1765358961060387041
1765358961093272184
1765358961126730041
1765358961160519957
1765358961193452822
1765358961226704779
1765358961260309279
1765358961293445427
1765358961326794274
1765358961360299549
1765358961393419588
1765358961427340786
1765358961460183722
1765358961493344652
1765358961527636104
1765358961560161173
1765358961593082842
1765358961626814647
1765358961660187324
1765358961693460249
1765358961727320698
1765358961760137059
1765358961793480427
1765358961827481656
1765358961860433739
1765358961893488694
1765358961926927530
1765358961960449271
1765358961993616983
1765358962027066076
1765358962060326459
1765358962093582547
1765358962126920106
1765358962160402690
1765358962193610760
1765358962227302267
1765358962260426257
1765358962293722314
1765358962327462819
1765358962360471074
1765358962393694762
1765358962427494560
1765358962460348204
1765358962493572712
1765358962526937434
1765358962560434556
1765358962593591195
1765358962626993845
1765358962660527908
1765358962693891893
1765358962727358837
1765358962760560007
1765358962793914074
1765358962827343061
1765358962860913954
1765358962893874903
1765358962927671490
1765358962960709977
1765358962994565042
1765358963027256696
1765358963060953907
1765358963093900724
1765358963127821094
1765358963161167675
1765358963194285710
1765358963227871579
1765358963260643944
1765358963293958572
1765358963327418509
1765358963361132292
1765358963394086300
1765358963427900013
1765358963461304429
1765358963494174083
1765358963527680132
1765358963561111552
1765358963593930741
1765358963627624940
1765358963660640504
1765358963694401770
1765358963727289395
1765358963760744446
1765358963794151937
1765358963827557376
1765358963860150173
1765358963894091893
1765358963927497161
1765358963960774460
1765358963994138287
1765358964027854361
1765358964060855060
1765358964094599895
1765358964127989627
1765358964161161119
1765358964194159577
1765358964227995587
1765358964261354302
1765358964294696234
1765358964327893505
1765358964361019998
1765358964394279565
1765358964427570417
1765358964460915465
1765358964494340070
1765358964527623520
1765358964561325445
1765358964594363358
1765358964627280971
1765358964661310459
1765358964694386481
1765358964728156517
1765358964761298292
1765358964795038235
1765358964827632809
1765358964861426052
1765358964894886483
1765358964928184728
1765358964961105907
1765358964995126147
1765358965028213919
1765358965061256218
1765358965094759432
1765358965128054805
1765358965161483383
1765358965194981463
1765358965227828478
1765358965261113001
1765358965294511084
1765358965327870285
1765358965361327022
1765358965395029025
1765358965428258679
1765358965461683300
1765358965495020263
1765358965528469528
1765358965561171293
1765358965594565671
1765358965627824259
1765358965661639285
1765358965694607558
1765358965728373856
1765358965761616125
1765358965794692744
1765358965828368621
1765358965861262998
1765358965894646178
1765358965928047754
1765358965961288636
1765358965994676210
1765358966028072743
1765358966061511133
1765358966094282977
1765358966128165432
1765358966161419614
1765358966194732939
1765358966228472898
1765358966261440850
1765358966295132185
1765358966328570698
1765358966361554388
1765358966394897585
1765358966428780185
1765358966461547508
1765358966494909997
1765358966528187308
1765358966561675320
1765358966595492704
1765358966628276992
1765358966661509332
1765358966694956931
1765358966728683652
1765358966761391849
1765358966795018116
1765358966828008410
1765358966861567876
1765358966895376433
1765358966928573519
1765358966961406177
1765358966995333876
1765358967028695439
1765358967061942303
1765358967094756506
1765358967128085047
1765358967161612578
1765358967195160235
1765358967228352351
1765358967261644779
1765358967295256143
1765358967328627437
1765358967362036557
1765358967395670684
1765358967428855920
1765358967461802759
1765358967495153358
1765358967528366857
1765358967561385286
1765358967595513459
1765358967628671806
1765358967661824019
1765358967695272035
1765358967728438288
1765358967761868439
1765358967795727462
1765358967828715900
1765358967861913440
1765358967895736922
1765358967929067798
1765358967961997945
1765358967995724600
1765358968028673723
1765358968061934311
1765358968095724089
1765358968128684903
1765358968162402405
1765358968195466894
1765358968228645456
1765358968261997479
1765358968295381310
1765358968328642406
1765358968361897725
1765358968395779517
1765358968428690529
1765358968462097257
1765358968495907959
1765358968529071072
1765358968562214111
1765358968595810423
1765358968628774169
1765358968662079380
1765358968696277494
1765358968729161470
1765358968762524487
1765358968795870013
1765358968828784657
1765358968862208643
1765358968895651604
1765358968929005871
1765358968962539658
1765358968995162000
1765358969029169147
1765358969062812022
1765358969096040462
1765358969129349347
1765358969162233169
1765358969196168403
1765358969228781349
1765358969262657827
1765358969296041115
1765358969328879100
1765358969362692310
1765358969395751459
1765358969429365407
1765358969462707968
1765358969495669008
1765358969529399950
1765358969562814181
1765358969596142825
1765358969629316925
1765358969662937235
1765358969696427911
1765358969729011253
1765358969762813330
1765358969796264592
1765358969829219027
1765358969862416082
1765358969896325322
1765358969929415196
1765358969962541346
1765358969995701335
1765358970028995649
1765358970062503700
1765358970095842381
1765358970129221792
1765358970163123204
1765358970196429068
1765358970229499321
1765358970262582378
1765358970296249559
1765358970329275996
1765358970362523118
1765358970395981011
1765358970429278538
1765358970462598219
1765358970496047974
1765358970529199262
1765358970562675738
1765358970595939006
1765358970629313870
1765358970662534252
1765358970695984266
1765358970729241892
1765358970762827264
1765358970796117486
1765358970829252722
1765358970862794267
1765358970896094664
1765358970929292371
1765358970963099881
1765358970996645897
1765358971029312791
1765358971062764747
1765358971096054436
1765358971129395651
1765358971162868354
1765358971196104081
1765358971229417648
1765358971263137949
1765358971296328542
1765358971329414991
1765358971362789337
1765358971396546149
1765358971429454272
1765358971462886005
1765358971496697429
1765358971529478928
1765358971563384590
1765358971596237694
1765358971629576784
1765358971662817149
1765358971696289665
1765358971729634510
1765358971762928383
1765358971796272823
1765358971829659766
1765358971862898023
1765358971896294391
1765358971929627016
1765358971962891145
1765358971996354355
1765358972029805884
1765358972063008990
1765358972096358505
1765358972129745644
1765358972162953026
1765358972196520347
1765358972229792641
1765358972263101958
1765358972296625892
1765358972329899259
1765358972363183583
1765358972396974121
1765358972429773807
1765358972463260447
1765358972496418021
1765358972529863792
1765358972563479349
1765358972596896096
1765358972629841254
1765358972663610015
1765358972697120709
1765358972729969566
1765358972763247373
1765358972796973658
1765358972829884349
1765358972863214457
1765358972896590419
1765358972930021947
1765358972963686903
1765358972996976900
1765358973029973730
1765358973063798525
1765358973096700313
1765358973130253840
1765358973163331996
1765358973196754206
1765358973230468310
1765358973263310456
1765358973296582114
1765358973330028149
1765358973363242264
1765358973396673174
1765358973429967512
1765358973463366084
1765358973497111128
1765358973530365489
1765358973563842322
1765358973597178627
1765358973630413439
1765358973663439808
1765358973696759458
1765358973730298687
1765358973763981108
1765358973797383121
1765358973830745263
1765358973863612291
1765358973896917018
1765358973930185351
1765358973963764390
1765358973997298222
1765358974030720129
1765358974063657803
1765358974096946834
1765358974129794946
1765358974163745968
1765358974196859537
1765358974230178868
1765358974263653458
1765358974297010937
1765358974329935583
1765358974363674934
1765358974396708291
1765358974430358699
1765358974463830378
1765358974496993748
1765358974530248619
1765358974564400478
1765358974597383446
1765358974630533392
1765358974664095500
1765358974697436703
1765358974730429028
1765358974763461180
1765358974797036934
1765358974830483446
1765358974863803974
1765358974897059491
1765358974930448568
1765358974964321480
1765358974997200989
1765358975030585300
1765358975063970497
1765358975096866298
1765358975130971082
1765358975163951646
1765358975197230999
1765358975230965924
1765358975263969455
1765358975297240964
1765358975330789361
1765358975364327038
1765358975397588701
1765358975431048564
1765358975464435003
1765358975497309861
1765358975530626316
1765358975564075499
1765358975597251298
1765358975631034322
1765358975664062736
1765358975697337115
1765358975730610626
1765358975764619293
1765358975797264247
1765358975830613706
1765358975864170911
1765358975897452432
1765358975930758134
1765358975964362513
1765358975997462687
1765358976030884739
1765358976064286755
1765358976097537731
1765358976130892030
1765358976164284102
1765358976197395480
1765358976230849682
1765358976264215007
1765358976297477073
1765358976330801702
1765358976364644263
1765358976397507745
1765358976431337051
1765358976464749482
1765358976497491554
1765358976530998240
1765358976564327898
1765358976597598122
1765358976631093914
1765358976664763647
1765358976697625154
1765358976731364165
1765358976764450116
1765358976797800989
1765358976830973611
1765358976864780666
1765358976898180173
1765358976930987325
1765358976964848178
1765358976997757258
1765358977031387773
1765358977064519099
1765358977097729787
1765358977131240538
1765358977164409322
1765358977197819483
1765358977231078605
1765358977264560650
1765358977297777333
1765358977331075869
1765358977364568081
1765358977397883829
1765358977431258478
1765358977464707695
1765358977497776671
1765358977531145317
1765358977564415534
1765358977597695394
1765358977631152571
1765358977664926578
1765358977698249065
1765358977731321256
1765358977764916538
1765358977797927044
1765358977831285249
1765358977865014894
1765358977897894467
1765358977931132996
1765358977964754946
1765358977997926284
1765358978031443201
1765358978065150109
1765358978098592148
1765358978131821670
1765358978164716961
1765358978197963802
1765358978231664854
1765358978265073013
1765358978298190300
1765358978331395590
1765358978364905832
1765358978398482282
1765358978431455061
1765358978464740767
1765358978498461963
1765358978532080838
1765358978565273816
1765358978598667911
1765358978632041913
1765358978664795238
1765358978698684102
1765358978731966738
1765358978764717722
1765358978798204360
1765358978831592456
1765358978864921319
1765358978898284446
1765358978932014044
1765358978964904911
1765358978998117121
1765358979031500936
1765358979064795611
1765358979098234760
1765358979131513176
1765358979164857110
1765358979198488614
1765358979231710760
1765358979265007286
1765358979298471491
1765358979331809181
1765358979365336078
1765358979398313331
1765358979431374459
1765358979465034014
1765358979498377467
1765358979532231643
1765358979565099677
1765358979598412980
1765358979632097069
1765358979665455651
1765358979698453765
1765358979732139584
1765358979765181643
1765358979798809119
1765358979832143752
1765358979865131865
1765358979898575555
1765358979932278282
1765358979965485884
1765358979998429817
1765358980032386538
1765358980065121562
1765358980098800129
1765358980132323864
1765358980165345437
1765358980199182848
1765358980232378105
1765358980265452529
1765358980298512099
1765358980332297440
1765358980365309874
1765358980398946235
1765358980432353316
1765358980465320701
1765358980499092728
1765358980531975190
1765358980565294410
1765358980599100708
1765358980632423474
1765358980665394902
1765358980699118363
1765358980732087612
1765358980765551615
1765358980799171754
1765358980832117243
1765358980865409238
1765358980899233424
1765358980932517199
1765358980965593873
1765358980998896998
1765358981032161613
1765358981065318358
1765358981098903013
1765358981132229054
1765358981165248289
1765358981198898473
1765358981232387937
1765358981265492926
1765358981299173035
1765358981332461562
1765358981365612988
1765358981399270399
1765358981432667187
1765358981465565644
1765358981499486135
1765358981532273716
1765358981566076804
1765358981599241221
1765358981632535528
1765358981665633113
1765358981699485221
1765358981732916762
1765358981765561767
1765358981799458349
1765358981832578319
1765358981865740388
1765358981899076137
1765358981932383509
1765358981965679777
1765358981999099759
1765358982032612121
1765358982065686129
1765358982099112900
1765358982132538525
1765358982166305337
1765358982199061915
1765358982232488611
1765358982265780061
1765358982299535776
1765358982332461137
1765358982365835427
1765358982399235483
1765358982432392206
1765358982466324058
1765358982499226086
1765358982532116881
1765358982565872874
1765358982599142259
1765358982632541930
1765358982665744567
1765358982699379969
1765358982732490854
1765358982765842202
1765358982799565875
1765358982832502293
1765358982865878954
1765358982899263350
1765358982932420840
1765358982965833558
1765358982999765810
1765358983032909860
1765358983066402253
1765358983099864246
1765358983133033209
1765358983166512031
1765358983199697121
1765358983233084412
1765358983265978648
1765358983299494297
1765358983332987778
1765358983366128846
1765358983399465308
1765358983432794974
1765358983466667124
1765358983499502588
1765358983533208320
1765358983566084513
1765358983599771512
1765358983632735871
1765358983666242737
1765358983699851651
1765358983732841303
1765358983766818743
1765358983799620944
1765358983832946354
1765358983866560525
1765358983899743931
1765358983932869207
1765358983966286118
1765358983999941421
1765358984032909105
1765358984066489172
1765358984100024734
1765358984133037270
1765358984166730573
1765358984199471695
1765358984233201567
1765358984265920498
1765358984299551973
1765358984333378381
1765358984366855293
1765358984400236774
1765358984433218821
1765358984466327590
1765358984499687635
1765358984533041164
1765358984566328117
1765358984600128179
1765358984633172775
1765358984666439854
1765358984700244785
1765358984733358741
1765358984766344078
1765358984799858550
1765358984833460077
1765358984866496568
1765358984899844346
1765358984933502330
1765358984967073809
1765358985000386943
1765358985033170060
1765358985066565404
1765358985099885558
1765358985133297423
1765358985166424429
1765358985199758263
1765358985233348381
1765358985267015402
1765358985300375579
1765358985333342544
1765358985367030852
1765358985400017471
1765358985433294082
1765358985466836000
1765358985499910423
1765358985533322599
1765358985567035145
1765358985599895915
1765358985633338334
1765358985667198919
1765358985700154371
1765358985733338582
1765358985766965206
1765358985800029022
1765358985833364752
1765358985867006155
1765358985900201230
1765358985933383184
1765358985967208540
1765358986000571993
1765358986033487915
1765358986067363205
1765358986100149487
1765358986133499598
1765358986166876035
1765358986200562850
1765358986233764337
1765358986267698782
1765358986300290403
1765358986333501542
1765358986367001647
1765358986400772112
1765358986433567413
1765358986467025771
1765358986500763386
1765358986533615944
1765358986567118134
1765358986600404131
1765358986633609854
1765358986667590673
1765358986700349310
1765358986733775096
1765358986766996636
1765358986800330681
1765358986833726358
1765358986867558130
1765358986900470970
1765358986933794724
1765358986967149052
1765358987000462649
1765358987033995663
1765358987067685612
1765358987100579253
1765358987133868865
1765358987167711368
1765358987200521859
1765358987233760738
1765358987267249340
1765358987300431633
1765358987333752269
1765358987367290561
1765358987400739387
1765358987433701105
1765358987467292569
1765358987500922952
1765358987533795367
1765358987567632532
1765358987600442926
1765358987633889462
1765358987667192962
1765358987700889487
1765358987733424872
1765358987767369483
1765358987800705752
1765358987833896229
1765358987867883988
1765358987900610887
1765358987933918339
1765358987967552155
1765358988000719075
1765358988033919656
1765358988067452390
1765358988100772311
1765358988134007449
1765358988167474972
1765358988200991537
1765358988234516161
1765358988267160569
1765358988301293545
1765358988334501381
1765358988367952134
1765358988400799277
1765358988434192718
1765358988467938491
1765358988500815023
1765358988534109889
1765358988567295716
1765358988600837762
1765358988634190125
1765358988667992276
1765358988700944757
1765358988734195986
1765358988767988143
1765358988801329402
1765358988834124125
1765358988867986084
1765358988900908234
1765358988934198177
1765358988967640285
1765358989000922447
1765358989034707094
1765358989068228469
1765358989101261172
1765358989134376359
1765358989168104338
1765358989201299949
1765358989234719800
1765358989267924166
1765358989301351040
1765358989334447293
1765358989368200644
1765358989401413626
1765358989434317533
1765358989468196524
1765358989501562020
1765358989534294008
1765358989567824695
1765358989601466904
1765358989634825050
1765358989668164068
1765358989701026002
1765358989734538218
1765358989767945968
1765358989801146685
1765358989834492796
1765358989868074109
1765358989901218091
1765358989934377900
1765358989967819754
1765358990001095933
1765358990034658339
1765358990067890384
1765358990101186107
1765358990134567194
1765358990168033397
1765358990201331694
1765358990234645900
1765358990268029023
1765358990301279097
1765358990334610531
1765358990367997327
1765358990401196939
1765358990434690788
1765358990467994090
1765358990501338174
1765358990534689050
1765358990568081365
1765358990601243542
1765358990634707473
1765358990667904970
1765358990701018415
1765358990734712918
1765358990768481687
1765358990801239631
1765358990835151823
1765358990868014844
1765358990901469332
1765358990934894890
1765358990968253696
1765358991001410164
1765358991035339783
1765358991068482779
1765358991101510997
1765358991135391737
1765358991168165982
1765358991201451140
1765358991234920335
1765358991268341711
1765358991301449569
1765358991335274814
1765358991368483656
1765358991401505434
1765358991435222831
1765358991468803478
1765358991501628128
1765358991535142052
1765358991568105923
1765358991601631270
1765358991634954303
1765358991668435616
1765358991701596524
1765358991734902534
1765358991768893782
1765358991801640914
1765358991835551104
1765358991868905432
1765358991901612368
1765358991935428824
1765358991968812749
1765358992001692378
1765358992035050781
1765358992068957354
1765358992101862602
1765358992135478441
1765358992169069058
1765358992201745605
1765358992234949828
1765358992269017078
1765358992301712952
1765358992335578792
1765358992369001391
1765358992402382046
1765358992435680188
1765358992468647485
1765358992501612451
1765358992535648469
1765358992568817836
1765358992601871748
1765358992635655365
1765358992668671855
1765358992702024226
1765358992735605062
1765358992768515424
1765358992801948915
1765358992835817344
1765358992869054420
1765358992902292523
1765358992935356941
1765358992968595335
1765358993002429899
1765358993035714975
1765358993069030210
1765358993102339431
1765358993135379674
1765358993168779434
1765358993202251719
1765358993235749372
1765358993268896198
1765358993302477360
1765358993335440216
1765358993368758098
1765358993402670971
1765358993435852753
1765358993468872824
1765358993502482975
1765358993535511321
1765358993568956947
1765358993602283291
1765358993635869439
1765358993669264981
1765358993702328925
1765358993735996629
1765358993768861758
1765358993802706913
1765358993835630766
1765358993869309873
1765358993902548267
1765358993935635564
1765358993968934774
1765358994002270998
1765358994035648762
1765358994069282189
1765358994102768007
1765358994135780762
1765358994168972411
1765358994202349114
1765358994235990085
1765358994269181063
1765358994302410470
1765358994335732852
1765358994369006164
1765358994402396344
1765358994435814551
1765358994469371217
1765358994502488717
1765358994535744233
1765358994569404033
1765358994602845514
1765358994635719077
1765358994668989574
1765358994702982027
1765358994735803107
1765358994769364442
1765358994803029036
1765358994836039550
1765358994869305610
1765358994902491193
1765358994936380371
1765358994969098601
1765358995002615746
1765358995036030575
1765358995068977675
1765358995102545872
1765358995135899116
1765358995169216115
1765358995202990383
1765358995236344815
1765358995269592488
1765358995302646648
1765358995336304987
1765358995369302715
1765358995402614991
1765358995435998510
1765358995469364460
1765358995502229427
1765358995535385415
1765358995568751660
1765358995603000219
1765358995636054940
1765358995669363329
1765358995703260717
1765358995736088301
1765358995769581957
1765358995802756197
1765358995836214914
1765358995869415257
1765358995902800547
1765358995936348756
1765358995969591738
1765358996003008309
1765358996036298441
1765358996069507615
1765358996102902213
1765358996136358008
1765358996169662837
1765358996202991454
1765358996236374025
1765358996269597987
1765358996303063114
1765358996336459650
1765358996369533224
1765358996402828465
1765358996436147328
1765358996469551918
1765358996502862224
1765358996536269016
1765358996569639937
1765358996603173839
1765358996636240622
1765358996669680251
1765358996703024101
1765358996736472410
1765358996769820142
1765358996803126570
1765358996836566270
1765358996869695327
1765358996903424647
1765358996936969683
1765358996970107794
1765358997003090865
1765358997036646911
1765358997069889992
1765358997103528900
1765358997136879446
1765358997169770889
1765358997203066464
1765358997236542916
1765358997269776148
1765358997303330138
1765358997337176975
1765358997369959401
1765358997403767994
1765358997437080306
1765358997469986754
1765358997503705271
1765358997536716644
1765358997570490547
1765358997603426879
1765358997637057164
1765358997669912410
1765358997703059243
1765358997736658478
1765358997769947597
1765358997803313516
1765358997836598119
1765358997870135604
1765358997903365687
1765358997937088604
1765358997970144667
1765358998003314587
1765358998036718169
1765358998070209358
1765358998103423823
1765358998136722842
1765358998170104763
1765358998203320252
1765358998237089901
1765358998270209748
1765358998303372984
1765358998336778695
1765358998370110940
1765358998403496375
1765358998436554881
1765358998470311199
1765358998503439138
1765358998537403877
1765358998570161128
1765358998603578683
1765358998636974069
1765358998670138403
1765358998703538518
1765358998737343597
1765358998770392246
1765358998803537108
1765358998836965654
1765358998870217789
1765358998903638946
1765358998937055650
1765358998970343907
1765358999003503877
1765358999037625874
1765358999070233420
1765358999103500090
1765358999137332675
1765358999170283016
1765358999203586945
1765358999237027807
1765358999270764396
1765358999303668064
1765358999337329100
1765358999370350731
1765358999403749928
1765358999436995949
1765358999470832657
1765358999503997782
1765358999537370189
1765358999570763128
1765358999604118397
1765358999637331907
1765358999670391634
1765358999703801143
1765358999736950907
1765358999770468086
1765358999803836727
1765358999837341973
1765358999870493766
1765358999903870577
1765358999937546537
1765358999970837302
1765359000004205773
1765359000037158456
1765359000070601563
1765359000103783742
1765359000137597000
1765359000170466102
1765359000204435619
1765359000237696329
1765359000270943894
1765359000304223861
1765359000337341911
1765359000370873287
1765359000404104637
1765359000437332455
1765359000470767159
1765359000504025657
1765359000537327441
1765359000570835293
1765359000604141693
1765359000637397938
1765359000670728683
1765359000703640421
1765359000737407902
1765359000770770650
1765359000804201213
1765359000837412071
1765359000870712474
1765359000904173949
1765359000937438421
1765359000970832967
1765359001004188137
1765359001037543538
1765359001070915517
1765359001104289031
1765359001137514538
1765359001170881408
1765359001204209979
1765359001237606861
1765359001270838417
1765359001304247385
1765359001337594362
1765359001370959788
1765359001404237832
1765359001437204869
1765359001471016129
1765359001504252804
1765359001537736902
1765359001571004637
1765359001604437527
1765359001637802998
1765359001670942060
1765359001704332976
1765359001737724315
1765359001771064067
1765359001804397424
1765359001837887327
1765359001871376861
1765359001904372151
1765359001937740092
1765359001971514578
1765359002005038610
1765359002037821000
1765359002071521255
1765359002104395671
1765359002137887971
1765359002171610787
1765359002204605178
1765359002237817833
1765359002271293835
1765359002304524183
1765359002337823541
1765359002371225826
1765359002404452743
1765359002437751697
1765359002471594572
1765359002505124909
1765359002538456070
1765359002571683305
1765359002604996205
1765359002638502327
1765359002671676558
1765359002704589947
1765359002738073620
1765359002771416674
1765359002804723385
1765359002838079646
1765359002871451906
1765359002905145914
1765359002938218491
1765359002971728150
1765359003005193974
1765359003038517314
1765359003071815850
1765359003104775517
1765359003138701021
1765359003171350665
1765359003204888906
1765359003238090347
1765359003271630983
1765359003304919791
1765359003338252684
1765359003371582099
1765359003404978761
1765359003437804370
1765359003471656958
1765359003504497938
1765359003538261383
1765359003571566704
1765359003604936065
1765359003638247615
1765359003671527519
1765359003705026256
1765359003738166295
1765359003771663627
1765359003804961609
1765359003838388091
1765359003871631663
1765359003905015181
1765359003938320378
1765359003971731967
1765359004005092515
1765359004038389768
1765359004071806379
1765359004104959620
1765359004138426767
1765359004171726029
1765359004205030866
1765359004238297169
1765359004271630594
1765359004305352286
1765359004338759277
1765359004371671029
1765359004405131485
1765359004438772259
1765359004472201582
1765359004505057724
1765359004538770995
1765359004572097154
1765359004605380010
1765359004638812355
1765359004672155031
1765359004705266306
1765359004738642640
1765359004771807247
1765359004805217620
1765359004838570464
1765359004871831196
1765359004905203657
1765359004938648100
1765359004972479203
1765359005005299266
1765359005038664529
1765359005071865460
1765359005105221910
1765359005139024065
1765359005171823149
1765359005205604769
1765359005239003172
1765359005271999441
1765359005305723672
1765359005339191520
1765359005372547099
1765359005405275419
1765359005438764443
1765359005472424009
1765359005505299593
1765359005538725431
1765359005572185598
1765359005605397711
1765359005639050790
1765359005672373106
1765359005705451700
1765359005738795858
1765359005772582198
1765359005805409481
1765359005839185876
1765359005872535808
1765359005905398677
1765359005939115846
1765359005972575434
1765359006005680230
1765359006039205652
1765359006072751454
1765359006105551545
1765359006139418231
1765359006172672179
1765359006205476501
1765359006238870399
1765359006272188297
1765359006305377790
1765359006339333313
1765359006372340573
1765359006405799908
1765359006438989591
1765359006472496546
1765359006505763792
1765359006539107266
1765359006572336272
1765359006605647308
1765359006639340049
1765359006672526145
1765359006705655083
1765359006739418955
1765359006772413878
1765359006805716616
1765359006839244921
1765359006872504328
1765359006905737887
1765359006939212059
1765359006972461573
1765359007005735001
1765359007039087010
1765359007072481962
1765359007105898160
1765359007139805261
1765359007172527508
1765359007205836537
1765359007238867675
1765359007272480073
1765359007305831735
1765359007339155378
1765359007372560375
1765359007405920933
1765359007439162707
1765359007472712382
1765359007505909688
1765359007539201632
1765359007572533679
1765359007605842124
1765359007639648848
1765359007672513988
1765359007706093237
1765359007739363618
1765359007772362680
1765359007806425465
1765359007839886449
1765359007872633128
1765359007906076559
1765359007939834326
1765359007973170033
1765359008006012583
1765359008039457905
1765359008072814792
1765359008105923383
1765359008139854035
1765359008172822504
1765359008206187189
1765359008239912858
1765359008272859889
1765359008306322019
1765359008339467962
1765359008372814924
1765359008406667470
1765359008440053366
1765359008472951967
1765359008506155095
1765359008539591515
1765359008572879138
1765359008606607687
1765359008639674330
1765359008673356904
1765359008706370354
1765359008740000973
1765359008772983310
1765359008806392774
1765359008839836115
1765359008872972683
1765359008906357005
1765359008939621640
1765359008972897457
1765359009006222011
1765359009039594670
1765359009072911512
1765359009106687252
1765359009140220788
1765359009173083373
1765359009206305773
1765359009239730572
1765359009273024489
1765359009306430714
1765359009339779366
1765359009373023053
1765359009406491337
1765359009439869053
1765359009473140104
1765359009506851146
1765359009540297378
1765359009573167151
1765359009606886960
1765359009639916562
1765359009673220299
1765359009706535430
1765359009740132900
1765359009773305843
1765359009806559466
1765359009839989767
1765359009873241445
1765359009906608824
1765359009939956209
1765359009973288995
1765359010006734835
1765359010039988429
1765359010073233058
1765359010106599651
1765359010140012473
1765359010173205616
1765359010206334484
1765359010240013767
1765359010273303258
1765359010306872098
1765359010340100874
1765359010373349732
1765359010406701926
1765359010440061215
1765359010473396158
1765359010507225486
1765359010540443392
1765359010573402925
1765359010607121598
1765359010640559645
1765359010673639934
1765359010707034964
1765359010739543395
1765359010773472684
1765359010806781811
1765359010840123235
1765359010873487127
1765359010907293264
1765359010940261287
1765359010973415095
1765359011007267979
1765359011040735898
1765359011073772411
1765359011107381097
1765359011140227236
1765359011173739744
1765359011206913629
1765359011240855141
1765359011273553971
1765359011307025489
1765359011340598334
1765359011373474739
1765359011407464253
1765359011440696837
1765359011473657711
1765359011507410410
1765359011540747912
1765359011573578298
1765359011607288585
1765359011640395997
1765359011673598754
1765359011707108500
1765359011741173786
1765359011773617508
1765359011807472341
1765359011840411076
1765359011874217587
1765359011907123458
1765359011940544712
1765359011973796438
1765359012007431339
1765359012040660392
1765359012074307096
1765359012107563234
1765359012140935582
1765359012174318673
1765359012207665104
1765359012240830567
1765359012274328375
1765359012307663760
1765359012340677962
1765359012373869818
1765359012407294321
1765359012440709103
1765359012473935654
1765359012507295585
1765359012540808264
1765359012574019016
1765359012607387394
1765359012640639212
1765359012674145377
1765359012707397486
1765359012740667583
1765359012774065594
1765359012807431602
1765359012840698187
1765359012874020471
1765359012907327292
1765359012940656162
1765359012974109024
1765359013007456263
1765359013040847317
1765359013074457192
1765359013107489301
1765359013140850848
1765359013174199667
1765359013207505000
1765359013240805046
1765359013274153897
1765359013307541121
1765359013340881091
1765359013374165794
1765359013407601760
1765359013441005275
1765359013474124846
1765359013507619949
1765359013540967673
1765359013574196570
1765359013607751729
1765359013641099462
1765359013674306683
1765359013707681321
1765359013740953274
1765359013774519663
1765359013807604562
1765359013840954153
1765359013874282077
1765359013907896780
1765359013940957199
1765359013974668494
1765359014007645088
1765359014041113013
