1772872174686410000
1772872174714000000
1772872174740200000
1772872174775310000
1772872174806700000
1772872174841630000
1772872174873710000
1772872174908450000
1772872174940420000
1772872174975140000
1772872175006470000
1772872175041860000
1772872175073870000
1772872175108950000
1772872175139680000
1772872175174820000
1772872175206570000
1772872175239950000
1772872175273610000
1772872175306910000
1772872175340190000
1772872175373530000
1772872175408140000
1772872175442050000
1772872175473910000
1772872175508650000
1772872175540340000
1772872175574230000
1772872175607510000
1772872175641360000
1772872175674750000
1772872175708260000
1772872175740490000
1772872175774790000
1772872175807680000
1772872175841250000
1772872175874510000
1772872175908520000
1772872175941820000
1772872175974710000
1772872176008150000
1772872176042150000
1772872176075630000
1772872176109810000
1772872176142710000
1772872176176270000
1772872176209380000
1772872176243400000
1772872176276220000
1772872176310550000
1772872176343440000
1772872176376730000
1772872176411000000
1772872176443810000
1772872176477210000
1772872176511020000
1772872176543700000
1772872176577370000
1772872176610910000
1772872176643780000
1772872176676710000
1772872176711270000
1772872176737740000
1772872176776830000
1772872176810460000
1772872176844110000
1772872176877060000
1772872176910350000
1772872176943040000
1772872176976570000
1772872177009690000
1772872177043790000
1772872177076780000
1772872177110260000
1772872177142840000
1772872177176300000
1772872177209750000
1772872177243730000
1772872177276950000
1772872177310550000
1772872177343020000
1772872177376960000
1772872177409620000
1772872177443050000
1772872177476490000
1772872177510350000
1772872177542780000
1772872177576930000
1772872177609690000
1772872177643750000
1772872177676370000
1772872177710050000
1772872177743320000
1772872177777200000
1772872177809600000
1772872177843740000
1772872177876640000
1772872177909930000
1772872177943160000
1772872177976860000
1772872178009550000
1772872178043150000
1772872178076570000
1772872178110400000
1772872178143430000
1772872178177550000
1772872178209870000
1772872178243140000
1772872178276220000
1772872178310450000
1772872178343340000
1772872178377420000
1772872178410120000
1772872178443200000
1772872178476270000
1772872178509650000
1772872178542990000
1772872178576010000
1772872178610120000
1772872178643460000
1772872178676430000
1772872178710040000
1772872178743560000
1772872178776820000
1772872178810050000
1772872178844920000
1772872178871270000
1772872178910500000
1772872178943580000
1772872178977730000
1772872179009850000
1772872179043960000
1772872179076910000
1772872179110900000
1772872179143560000
1772872179176880000
1772872179210450000
1772872179243100000
1772872179276260000
1772872179310500000
1772872179343310000
1772872179376520000
1772872179410470000
1772872179443320000
1772872179476760000
1772872179510060000
1772872179543620000
1772872179577260000
1772872179610800000
1772872179643780000
1772872179676950000
1772872179712990000
1772872179743590000
1772872179777850000
1772872179810890000
1772872179843650000
1772872179877510000
1772872179910520000
1772872179944230000
1772872179977180000
1772872180010690000
1772872180043250000
1772872180077250000
1772872180110450000
1772872180143580000
1772872180177440000
1772872180210870000
1772872180243580000
1772872180277710000
1772872180310710000
1772872180343880000
1772872180377690000
1772872180410950000
1772872180443410000
1772872180476490000
1772872180510860000
1772872180543590000
1772872180577270000
1772872180611040000
1772872180644010000
1772872180676770000
1772872180710750000
1772872180743690000
1772872180777370000
1772872180810250000
1772872180843730000
1772872180877220000
1772872180910690000
1772872180943930000
1772872180977360000
1772872181005690000
1772872181043630000
1772872181076870000
1772872181111170000
1772872181144020000
1772872181177410000
1772872181210650000
1772872181243800000
1772872181277670000
1772872181310490000
1772872181343970000
1772872181376570000
1772872181410640000
1772872181444070000
1772872181477190000
1772872181510580000
1772872181543520000
1772872181576630000
1772872181610580000
1772872181643720000
1772872181676820000
1772872181710330000
1772872181743650000
1772872181777080000
1772872181810360000
1772872181843900000
1772872181877310000
1772872181910750000
1772872181944100000
1772872181976900000
1772872182010110000
1772872182043700000
1772872182077070000
1772872182110610000
1772872182144170000
1772872182176600000
1772872182209890000
1772872182243750000
1772872182276770000
1772872182310260000
1772872182343660000
1772872182376940000
1772872182410700000
1772872182444060000
1772872182477380000
1772872182510640000
1772872182544080000
1772872182577420000
1772872182610340000
1772872182644220000
1772872182677530000
1772872182711270000
1772872182744210000
1772872182777980000
1772872182811210000
1772872182843840000
1772872182877820000
1772872182911340000
1772872182944410000
1772872182977780000
1772872183011410000
1772872183044880000
1772872183077370000
1772872183111270000
1772872183139370000
1772872183176970000
1772872183211120000
1772872183243950000
1772872183277230000
1772872183311430000
1772872183344190000
1772872183377910000
1772872183411270000
1772872183444720000
1772872183476950000
1772872183511030000
1772872183544830000
1772872183577690000
1772872183611040000
1772872183644500000
1772872183677680000
1772872183711300000
1772872183744150000
1772872183777820000
1772872183811070000
1772872183844590000
1772872183877050000
1772872183910450000
1772872183944030000
1772872183977840000
1772872184011170000
1772872184044470000
1772872184078230000
1772872184111340000
1772872184145200000
1772872184178400000
1772872184211650000
1772872184244290000
1772872184277720000
1772872184310740000
1772872184344700000
1772872184378320000
1772872184412470000
1772872184445140000
1772872184478910000
1772872184511800000
1772872184544470000
1772872184578650000
1772872184611970000
1772872184644740000
1772872184678040000
1772872184711650000
1772872184744970000
1772872184778380000
1772872184812350000
1772872184845080000
1772872184878800000
1772872184911830000
1772872184945110000
1772872184978290000
1772872185011820000
1772872185044480000
1772872185078250000
1772872185111180000
1772872185145110000
1772872185178450000
1772872185212430000
1772872185245490000
1772872185273650000
1772872185310980000
1772872185345720000
1772872185378670000
1772872185412520000
1772872185444780000
1772872185480330000
1772872185511920000
1772872185545390000
1772872185577850000
1772872185611500000
1772872185645430000
1772872185679150000
1772872185711610000
1772872185744990000
1772872185778310000
1772872185811660000
1772872185844870000
1772872185879000000
1772872185912110000
1772872185945200000
1772872185978590000
1772872186012100000
1772872186044910000
1772872186079410000
1772872186112060000
1772872186144920000
1772872186178330000
1772872186211470000
1772872186244610000
1772872186279010000
1772872186311680000
1772872186344760000
1772872186378160000
1772872186412180000
1772872186444550000
1772872186478400000
1772872186511710000
1772872186545210000
1772872186578030000
1772872186611720000
1772872186644790000
1772872186678850000
1772872186712290000
1772872186746320000
1772872186779070000
1772872186812560000
1772872186845220000
1772872186878830000
1772872186911880000
1772872186945720000
1772872186979320000
1772872187012430000
1772872187046580000
1772872187079680000
1772872187112430000
1772872187145280000
1772872187178470000
1772872187212030000
1772872187244850000
1772872187278670000
1772872187311840000
1772872187345270000
1772872187378190000
1772872187406690000
1772872187444600000
1772872187478900000
1772872187512160000
1772872187545040000
1772872187578510000
1772872187612110000
1772872187645010000
1772872187678670000
1772872187715820000
1772872187745950000
1772872187779380000
1772872187811940000
1772872187845090000
1772872187878660000
1772872187911790000
1772872187945690000
1772872187978800000
1772872188012060000
1772872188045060000
1772872188078740000
1772872188111530000
1772872188145360000
1772872188180110000
1772872188212030000
1772872188245460000
1772872188279100000
1772872188312310000
1772872188345780000
1772872188378600000
1772872188412720000
1772872188445400000
1772872188479100000
1772872188512710000
1772872188545880000
1772872188578970000
1772872188612530000
1772872188645990000
1772872188679490000
1772872188712710000
1772872188746370000
1772872188778960000
1772872188812920000
1772872188845880000
1772872188879590000
1772872188912510000
1772872188946520000
1772872188979590000
1772872189013710000
1772872189046260000
1772872189079900000
1772872189112600000
1772872189146100000
1772872189179590000
1772872189213270000
1772872189245990000
1772872189279890000
1772872189312700000
1772872189346750000
1772872189379540000
1772872189413080000
1772872189446270000
1772872189479820000
1772872189512670000
1772872189540290000
1772872189579130000
1772872189613040000
1772872189645720000
1772872189680140000
1772872189712950000
1772872189746430000
1772872189779960000
1772872189813200000
1772872189846120000
1772872189880030000
1772872189912440000
1772872189946040000
1772872189979550000
1772872190013640000
1772872190045860000
1772872190079990000
1772872190113090000
1772872190146220000
1772872190179160000
1772872190213150000
1772872190246270000
1772872190279870000
1772872190312210000
1772872190346260000
1772872190379140000
1772872190412820000
1772872190446040000
1772872190479320000
1772872190512400000
1772872190545880000
1772872190579710000
1772872190612760000
1772872190645310000
1772872190679200000
1772872190712670000
1772872190745630000
1772872190779320000
1772872190812180000
1772872190845940000
1772872190879300000
1772872190912530000
1772872190946030000
1772872190979410000
1772872191013120000
1772872191046270000
1772872191079720000
1772872191112660000
1772872191146820000
1772872191179520000
1772872191212970000
1772872191246530000
1772872191279660000
1772872191312900000
1772872191346680000
1772872191379750000
1772872191412940000
1772872191446780000
1772872191479650000
1772872191513490000
1772872191546280000
1772872191579370000
1772872191613020000
1772872191646550000
1772872191674330000
1772872191713030000
1772872191746970000
1772872191780120000
1772872191813360000
1772872191846310000
1772872191880020000
1772872191912850000
1772872191946330000
1772872191980910000
1772872192013200000
1772872192046710000
1772872192080160000
1772872192113830000
1772872192146700000
1772872192179750000
1772872192213520000
1772872192246920000
1772872192280030000
1772872192312870000
1772872192346660000
1772872192379290000
1772872192413640000
1772872192447040000
1772872192479990000
1772872192513130000
1772872192546480000
1772872192579960000
1772872192613390000
1772872192646790000
1772872192679730000
1772872192712780000
1772872192746570000
1772872192780010000
1772872192812970000
1772872192846800000
1772872192880010000
1772872192913540000
1772872192946820000
1772872192980420000
1772872193013500000
1772872193046440000
1772872193079910000
1772872193113440000
1772872193146770000
1772872193179890000
1772872193213370000
1772872193246590000
1772872193279750000
1772872193312810000
1772872193346600000
1772872193379760000
1772872193412750000
1772872193446570000
1772872193481860000
1772872193513120000
1772872193546660000
1772872193582500000
1772872193613180000
1772872193646610000
1772872193679670000
1772872193713340000
1772872193746290000
1772872193779550000
1772872193807560000
1772872193846440000
1772872193880630000
1772872193914170000
1772872193947480000
1772872193980520000
1772872194013710000
1772872194046900000
1772872194080150000
1772872194113670000
1772872194146670000
1772872194180130000
1772872194214150000
1772872194247170000
1772872194280470000
1772872194313540000
1772872194346690000
1772872194380060000
1772872194413570000
1772872194446600000
1772872194479730000
1772872194513650000
1772872194546980000
1772872194580640000
1772872194613950000
1772872194646330000
1772872194679780000
1772872194714190000
1772872194746950000
1772872194780270000
1772872194813730000
1772872194846540000
1772872194880000000
1772872194913680000
1772872194947200000
1772872194980860000
1772872195013100000
1772872195047340000
1772872195080090000
1772872195114250000
1772872195146750000
1772872195180840000
1772872195214510000
1772872195247490000
1772872195281240000
1772872195314350000
1772872195346910000
1772872195380800000
1772872195414370000
1772872195448070000
1772872195481360000
1772872195514090000
1772872195547470000
1772872195581560000
1772872195614530000
1772872195647710000
1772872195680510000
1772872195713790000
1772872195746930000
1772872195781330000
1772872195814580000
1772872195848350000
1772872195881130000
1772872195914310000
1772872195942140000
1772872195981370000
1772872196014180000
1772872196047850000
1772872196080820000
1772872196114310000
1772872196148000000
1772872196180730000
1772872196214370000
1772872196248150000
1772872196281060000
1772872196314770000
1772872196347960000
1772872196381230000
1772872196413980000
1772872196447330000
1772872196480800000
1772872196514520000
1772872196547000000
1772872196581070000
1772872196613960000
1772872196648040000
1772872196680970000
1772872196714740000
1772872196747100000
1772872196782790000
1772872196813940000
1772872196849220000
1772872196880890000
1772872196915310000
1772872196947550000
1772872196981810000
1772872197014190000
1772872197049510000
1772872197081210000
1772872197116650000
1772872197148010000
1772872197182600000
1772872197213900000
1772872197249290000
1772872197280950000
1772872197315910000
1772872197347540000
1772872197382550000
1772872197414780000
1772872197449650000
1772872197481470000
1772872197515370000
1772872197547940000
1772872197581850000
1772872197614690000
1772872197648200000
1772872197681560000
1772872197714800000
1772872197748710000
1772872197781420000
1772872197815260000
1772872197848740000
1772872197881690000
1772872197915250000
1772872197948430000
1772872197981540000
1772872198017280000
1772872198047970000
1772872198075450000
1772872198115100000
1772872198149010000
1772872198182320000
1772872198214810000
1772872198248180000
1772872198282100000
1772872198314950000
1772872198348150000
1772872198381340000
1772872198414470000
1772872198448390000
1772872198480900000
1772872198515040000
1772872198547670000
1772872198581290000
1772872198614440000
1772872198648540000
1772872198682070000
1772872198714810000
1772872198747810000
1772872198781150000
1772872198814180000
1772872198847810000
1772872198880790000
1772872198915760000
1772872198947430000
1772872198982630000
1772872199014610000
1772872199050760000
1772872199081010000
1772872199116020000
1772872199147200000
1772872199182770000
1772872199214120000
1772872199248580000
1772872199280330000
1772872199314500000
1772872199347110000
1772872199380070000
1772872199414110000
1772872199447630000
1772872199480310000
1772872199514500000
1772872199547270000
1772872199580930000
1772872199613720000
1772872199646780000
1772872199679780000
1772872199714300000
1772872199747450000
1772872199780540000
1772872199813740000
1772872199847070000
1772872199879930000
1772872199912890000
1772872199946940000
1772872199980200000
1772872200013350000
1772872200047320000
1772872200079350000
1772872200113220000
1772872200146170000
1772872200179670000
1772872200209230000
1772872200246330000
1772872200279210000
1772872200312440000
1772872200344790000
1772872200379030000
1772872200412200000
1772872200445910000
1772872200478560000
1772872200512350000
1772872200545630000
1772872200580470000
1772872200614270000
1772872200647860000
1772872200679400000
1772872200713990000
1772872200746360000
1772872200780670000
1772872200812560000
1772872200846110000
1772872200878750000
1772872200914510000
1772872200946550000
1772872200980080000
1772872201012940000
1772872201047080000
1772872201080080000
1772872201112840000
1772872201149610000
1772872201181070000
1772872201214910000
1772872201247710000
1772872201281010000
1772872201314060000

